objid,ra,dec,devrad_r,fracdev_r,exprad_r,redshift,modelmag_u,modelmag_g,modelmag_r,modelmag_i,modelmag_z,petrorad_r,petroR50_r,theta,effective50_radius,Surface_area_logged,veldisp,vdisp_median,vdisp_median1,Ports_passive_mass,GranadaFSPS_mass,WiscBC03_mass,Wiscm11_mass,Flux_OIII_5006,Flux_Hb_4861,Flux_NII_6583,Flux_Ha_6562,Flux_SII_6716,Flux_SII_6730,Flux_OI_6300,snMedian,bpt,clean
1237661082662864123,50.6026737825298,40.1888388770186,1.930695,0.8380472,1.272461,0.02608409,19.56435,17.88971,17.10985,16.68076,16.34129,3.579621,1.617488,1.824092,1.052655,0.54172198084622,50.0122,89.7098731994629,68.6931538581848,9.38,9.35067803433483,9.61791448116128,9.59690044534364,2330.719,227.648,218.0643,691.6636,95.82147,101.4201,83.43473,24.2494,Seyfert,1
1237661086955733209,122.938748096821,23.4738118688443,1.901475,0.8932226,1.494409,0.01573402,18.40486,16.94778,16.32615,16.009,15.79731,4.212618,1.834509,1.85801,0.6467722,0.118652479163617,33.84398,83.9907264709473,67.8287363052368,9.16,9.0409412244237,9.15479312496609,9.13448374594736,478.9106,89.41582,79.71535,280.8221,67.64742,64.65208,46.02101,31.37078,Seyfert,1
1237667253993537779,130.106444328233,18.3163873983917,4.095348,1,2.072707,0.01498547,18.21714,16.8297,16.16569,15.86049,15.65472,7.628029,3.103474,4.095348,1.357766,0.762799356407522,28.0776,85.0806093215942,68.2037174701691,9.14,9.05241400913538,9.24085615018339,9.2300791193702,583.6952,132.4776,75.47085,347.4337,74.41332,50.048,22.48046,22.93947,Composite,1
1237657606426722566,130.520556525632,40.6595918755853,4.106686,0.2574906,1.925522,0.02934036,20.0922,18.47076,17.74728,17.37833,17.13307,4.358554,2.163749,2.487152,1.614475,0.913212501627188,14.62407,96.3878774642944,81.0873293876648,9.17,9.23197634776977,9.33433749009055,9.32326293559527,85.26603,21.35472,45.89182,77.54994,33.16076,20.10348,3.084847,11.3899,Seyfert,1
1237667729663328380,135.594833562095,14.1803523883596,5.116088,0.2802866,3.046707,0.02966055,19.54281,17.96642,17.25344,16.87262,16.64229,5.109634,2.29022,3.626727,2.379894,1.25026519120228,38.97269,82.8397059440613,72.2217869758606,9.37,9.48717271616215,9.42319850687636,9.43217759422259,95.23782,37.38407,126.6267,129.781,76.93278,53.02301,20.6351,15.51455,LINER,1
1237651192433999996,136.557358551255,56.1708960202166,1.768699,1,1.037987,0.04662029,19.08817,17.80783,17.44183,17.09988,16.89589,3.725659,1.672412,1.768699,1.824284,1.01933483065618,88.36214,86.7175626754761,73.2052850723267,9.65,9.39849989882137,9.4645081605704,9.55705567370751,2451.312,427.7306,386.1455,1242.111,142.2087,122.7025,155.5681,19.15919,Seyfert,1
1237667210511581431,140.374956398105,21.5276075339709,2.157529,0.9974776,1.525061,0.03125925,19.28356,17.78091,17.12503,16.79907,16.55709,3.488803,1.561627,2.155934,1.491,0.84410524091802,47.55952,92.3809504508972,76.2403464317322,9.43,9.42769354992879,9.55831363706966,9.57196598811424,258.7516,89.86509,75.67857,188.882,62.37402,40.39102,12.17664,20.70474,Composite,1
1237657857674576033,148.575642783385,47.2903089256553,3.203807,1,1.929884,0.03266023,18.32456,17.19126,16.70607,16.41234,16.26296,6.697046,2.732962,3.203807,2.314991,1.22624821632152,41.59172,91.6020655632019,103.121361732483,9.61,9.67755768613674,9.60934642579377,9.49758257258509,3371.058,800.7339,769.2526,2195.365,360.3045,340.5468,188.2953,20.82183,Seyfert,1
1237667111190069338,152.398597112322,26.9469421167826,3.164372,0.8756004,1.908642,0.01435636,17.92429,16.7203,16.26532,16.06214,15.87076,5.154785,2.166509,3.00816,0.955452,0.45756749852908,46.5359,96.5015268325806,67.2251975536346,9.06,8.74218950724872,8.76080541621195,8.78343386794222,4082.436,492.5394,343.2112,1514.625,295.3892,229.3295,289.787,26.19219,Seyfert,1
1237658613587509273,155.717590553587,46.7057548612782,1.049642,0.668542,1.000844,0.04002912,20.05261,18.42598,17.67511,17.30372,17.03678,2.601636,1.252594,1.033467,0.9152431,0.420222755514134,38.80427,87.4571418762207,77.9501008987427,9.43,9.7834997283762,9.60222715652344,9.60597111276002,90.41449,47.03133,86.44911,105.6354,62.02084,42.44938,18.28416,15.23142,LINER,1
1237667536403366027,166.26652913156,22.6898462534685,1.237489,0.8320047,0.9974843,0.02464683,19.69003,18.26529,17.58028,17.22229,16.98377,2.575448,1.155866,1.197169,0.6528003,0.126710422405591,63.29849,98.7379026412964,81.6833925247192,8.99,9.23546708426699,9.2074681154445,9.23998275790655,165.2435,26.26568,43.73888,79.89178,24.73163,15.79278,4.925356,16.36056,Seyfert,1
1237653618009571472,167.301663123,61.3962979698284,29.67717,0.06241401,12.31324,0.006750924,16.5722,15.49516,15.12978,14.95192,14.85464,21.68565,9.935986,13.39699,2.000941,1.09961826172485,16.8267,92.1309995651245,74.3204522132874,8.82,8.48574969439378,8.73283896342036,8.64950106506149,943.1087,150.6704,84.12988,432.2936,114.1659,93.97322,52.60851,13.7877,Seyfert,0
1237654605329334450,168.330157114261,4.74032830636638,3.22553,1,1.60461,0.02645981,19.38156,17.87778,17.20761,16.87456,16.61797,5.179396,2.21291,3.22553,1.888215,1.04925247959662,59.15858,91.9813895225525,73.7322592735291,9.27,9.15145930320685,9.30593664479966,9.29541118630732,249.1483,63.22209,35.32739,173.2083,44.76325,28.60575,7.255469,14.23794,Composite,1
1237667321642745969,175.760042652273,26.1386050960634,2.065983,0.6803686,1.541658,0.02296748,19.03478,17.60621,16.93773,16.58607,16.35056,3.43123,1.556922,1.898392,0.9646348,0.465875611639065,65.51315,95.3046035766602,70.5032777786255,9.21,9.28389747015237,9.35463133995654,9.36346072274318,834.3742,251.1444,565.3727,833.525,127.3424,117.3871,74.29948,14.35076,Seyfert,1
1237667550349623394,175.998293602001,24.714382919742,1.096736,0.5396776,0.8946485,0.05014338,19.97647,18.45333,17.7129,17.3453,17.10309,2.570534,1.208889,1.00371,1.113488,0.590521111313383,31.798,118.03201675415,99.9562454223633,9.68,9.7939411215368,9.75820656529686,9.76974101501401,198.0049,65.24828,87.39592,140.6125,32.58067,24.12733,7.046138,16.06406,Seyfert,1
1237665023828099192,176.078494569325,33.6687523788321,0.9831862,1,0.7931744,0.03254014,19.72529,18.13646,17.43363,17.09979,16.86433,2.727934,1.269618,0.9831862,0.7078136,0.196987613497733,49.26287,86.1106848716736,66.7558002471924,9.3,9.28998994733512,9.40281204955681,9.41961323817668,226.3803,58.56127,142.4696,155.769,48.34379,39.14644,38.73207,17.76547,Seyfert,1
1237661972264124632,196.145501580183,7.91806791999771,1.052769,0.957247,0.8352436,0.04801334,19.5041,18.03932,17.51769,17.24817,17.07258,2.677415,1.212664,1.043469,1.108422,0.586560368846217,55.30566,93.0316781997681,71.3568758964539,9.67,9.43131323308802,9.47198284947081,9.46773089058115,152.216,17.79485,128.5416,46.43085,26.6179,16.59762,11.5006,16.89448,LINER,1
1237664818218401833,196.2410942574,36.4395116344317,29.66629,0,10.15013,0.0228747,17.74507,16.40075,15.94701,15.72517,15.64457,16.31107,8.121788,10.15013,5.136774,1.91853071044123,0,93.4735250473022,89.4689440727234,9.56,9.29648094571374,9.49795487780648,9.45385040347173,259.124,47.89505,76.43251,143.0885,56.92638,40.81664,19.58755,6.008451,Seyfert,0
1237665532244394070,203.190090978999,26.5803873920549,1.210805,0.7138317,0.9581201,0.04700525,18.68346,17.57333,17.22823,16.84565,16.69598,2.43346,1.188149,1.138495,1.183971,0.643831947069012,850,90.0205659866333,70.3981363773346,9.74,9.8031049978248,9.52847616234067,9.7560558923069,6783.723,1051.669,1593.18,3164.714,645.2968,569.4928,317.0883,20.05839,Seyfert,1
1237658203444281420,206.990381482928,46.9097119994916,0.6948792,1,0.6364197,0.02765125,19.00757,17.53615,16.90539,16.5913,16.33775,2.199695,1.007196,0.6948792,0.4250967,-0.245874830490714,59.92252,167.952442169189,102.409167289734,9.39,9.27297680207429,9.39630248263711,9.44960124125646,1862.566,303.414,3144.221,950.2331,261.9728,196.9349,124.2711,22.085,LINER,1
1237661871873917063,207.414020842154,42.0448321462326,0.5360116,0.9942071,0.6165331,0.04109669,19.10897,17.82854,17.3639,17.0803,16.89362,2.188944,1.01246,0.536478,0.4877783,-0.126405308500529,38.94576,100.780239105225,71.6817998886108,9.57,9.34577140148023,9.57729219034081,9.50174927021726,726.8221,107.5295,326.8636,356.933,77.76644,66.27025,23.29775,16.35617,Seyfert,1
1237662238014374127,210.619701196208,9.31566927383267,4.080686,0.2600064,1.901265,0.01910391,19.92133,18.33575,17.58924,17.27744,17.04138,4.466848,2.079991,2.467928,1.043082,0.533786881981333,0,85.7670402526855,69.3222320079803,8.8,8.83781390172622,8.93867730048078,8.93001987577009,381.2166,77.55714,111.2307,259.4809,80.85129,65.97104,40.38401,13.43252,Seyfert,1
1237662199887036636,211.293316896141,11.7713676304808,6.103849,1,3.774804,0.01741475,17.66028,16.30398,15.78247,15.53054,15.37054,7.785932,3.27334,6.103849,2.351715,1.23991928135438,39.60992,88.9747452735901,64.8154330253601,9.44,9.19568786168968,9.11185506109905,9.14986152405618,377.7751,93.15382,127.1669,298.541,105.1997,75.83887,53.94202,25.31968,Seyfert,1
1237661949192896655,213.035294879043,10.4982972431629,0.5073199,0.9136074,0.5445458,0.03259252,19.3911,18.15503,17.71595,17.43513,17.23724,1.792406,0.8642784,0.510536,0.3681357,-0.370834439454987,75.78427,93.2422018051147,78.1188464164734,9.22,8.96554754589948,9.07213978969958,9.02034953279508,747.787,110.0754,332.4949,378.7391,108.7134,84.37811,71.65762,17.81897,Seyfert,1
1237665567144083677,215.187268153718,22.710242391106,2.124365,0.5680822,1.454701,0.03068026,19.19671,17.73883,17.0619,16.71773,16.48251,3.533788,1.679674,1.835125,1.245628,0.687926672131155,43.334,82.0335006713867,67.2433340549469,9.5,9.50091829153328,9.52476287550962,9.51565766960266,193.4801,65.02017,39.02292,113.1668,20.64753,20.27359,7.143721,21.72624,Composite,1
1237662198816637064,218.84761845595,10.1178346247977,1.511511,0.5826772,1.21092,0.03121647,18.84692,17.423,16.76416,16.42378,16.16318,3.284953,1.510254,1.386067,0.9572641,0.459213349336109,56.94756,122.106151580811,80.4169607162476,9.62,9.6509369054962,9.62304801362916,9.72820903567481,1009.92,280.3641,220.0896,817.0444,82.30366,65.11971,36.07816,22.30188,Composite,1
1237668331491819850,221.803365137602,13.6609138606839,5.116411,0.3999929,2.837353,0.03227302,19.51896,17.87096,17.15705,16.80622,16.5622,4.613636,2.121673,3.74896,2.676789,1.35237799755125,49.78015,82.2668623924255,69.4245052337646,9.48,9.51043668273983,9.58673132494005,9.56673195108306,121.5804,79.1815,209.6341,116.2622,70.21097,54.26607,32.77178,15.68782,LINER,1
1237665547824660623,234.923673725024,17.2394058308181,1.103428,1,0.8638586,0.04583213,18.92401,17.85819,17.37408,17.06103,16.86764,2.675008,1.233336,1.103428,1.118865,0.594704892079711,42.46112,104.33464050293,78.6061096191406,9.7,9.75010699254891,9.54600988866878,9.54972213183646,1100.28,247.1653,174.2858,729.1294,101.3765,74.78028,19.14692,21.47379,Composite,1
1237661850413498448,235.248384493976,31.9186974387687,0.954011,1,0.8095573,0.05281676,18.38091,17.66681,17.5618,17.282,17.26784,2.623721,1.206048,0.954011,1.114779,0.591527336765233,44.86369,370.5029296875,348.643093109131,9.72,9.30728106706743,9.16666083108066,9.38964781982941,2232.518,527.616,361.5092,1596.491,311.7644,224.2312,93.38469,19.44403,Composite,1
1237663716016717961,5.44087419243988,0.557591405446432,6.373055,0.05868419,2.897221,0.01779088,19.00648,17.42234,16.71406,16.36571,16.09866,5.283762,2.501706,3.101197,1.220648,0.670330875556932,38.35231,87.9035043716431,67.8031361103058,9.08,9.1855040177884,9.16190280086812,9.20238180052547,186.8322,110.6612,169.7894,304.1125,93.66603,67.70498,35.89079,21.99521,Composite,1
1237663782593364236,15.0247313070701,-1.18302652552776,0.9318342,1,0.6588575,0.05143675,19.17296,18.08862,17.73431,17.38354,17.25006,2.340345,1.02424,0.9318342,1.060415,0.548101433633657,91.0237,162.991914749146,119.113440513611,9.65,9.62999079197602,9.28767479061571,9.3625191262181,1441.779,525.7379,452.0644,1618.943,317.1693,230.2087,99.89982,13.69365,Composite,1
1237663784215642300,41.6459942972522,0.121988717901523,4.306035,0.002291918,1.950231,0.02862597,19.72066,18.23843,17.69671,17.39979,17.22639,3.985762,2.019129,1.95563,1.238542,0.682971064513976,46.02851,106.596369743347,79.2375016212463,9.1,8.94309803401476,9.09022199155879,9.07649009373563,15.98404,23.58439,14.17378,42.07645,13.52262,11.1362,3.108158,11.47974,Star Forming,1
1237663783680934044,46.6858560990117,-0.408770623761067,5.948053,0,2.785824,0.02522659,18.85778,17.49574,16.85155,16.52443,16.25259,4.788512,2.294324,2.785824,1.554805,0.880501595456215,57.08524,91.5796875953674,73.5039138793945,9.39,9.4150848756235,9.38232358603273,9.4073889624342,71.28421,78.72039,85.72448,209.7305,49.35025,41.46692,11.20847,15.56485,Star Forming,1
1237663917875724790,117.121748904404,51.0144923096709,22.31742,0.2038585,7.110353,0.01901314,18.64398,17.4642,16.97251,16.75559,16.4539,27.92006,6.795138,10.21044,4.294989,1.76307391616629,0,115.760006904602,80.072066783905,9.09,8.8753105098342,8.8732974386694,8.88800051955332,105.7285,35.12605,22.22396,103.8865,21.67014,14.029,10.07101,4.827774,Star Forming,0
1237664093968597329,120.620185268294,20.5139810740107,6.613128,0.5941321,4.531988,0.0286278,17.4825,15.79723,14.95112,14.48583,14.10839,8.176929,3.432394,5.76846,3.65352,1.62257267266215,114.658,138.911123275757,132.977752685547,10.4,10.6855778573647,10.6660121197492,10.6583172229584,169.4881,235.5574,401.4385,706.4617,141.7909,86.60462,26.11221,38.88135,Composite,1
1237671123218137676,122.544547359248,7.56031725909584,1.572304,1,1.220874,0.05224991,18.83038,17.62172,17.11883,16.78125,16.61608,3.964523,1.663661,1.572304,1.817547,1.01612112217884,58.3805,90.5448913574219,81.0150599479675,9.9,9.99683297422807,9.756869318182,9.77311770973029,885.0521,491.468,628.597,1618.389,123.6138,121.5493,26.29805,18.44141,Composite,1
1237657774463517083,123.472747057536,31.1401013837985,1.398745,0.9802611,1.009406,0.04794708,19.68596,18.21888,17.49467,17.12482,16.89446,2.541855,1.157148,1.39106,1.47561,0.835093112579804,69.01286,93.4443712234497,73.6570167541504,9.67,9.87229271097469,9.87410285387887,9.82869744744676,64.81538,81.76617,86.97904,191.1489,45.31779,27.98298,6.689032,17.83432,Composite,1
1237660957571088654,123.954523928248,25.7837321558142,1.789683,0.6742597,1.290438,0.02476285,19.39648,18.06395,17.34541,17.01462,16.76246,3.636446,1.701435,1.627059,0.8913895,0.397284858008921,47.40838,82.4239253997803,67.3150062561035,9.1,9.33765139719011,9.19749334393418,9.24115323143997,194.5233,187.7301,277.8477,672.5372,192.4985,142.8434,52.81592,11.3715,Star Forming,1
1237658191610446040,125.058004803056,30.4175186088414,6.374379,0.3437075,3.22604,0.01963206,18.71546,17.10652,16.42076,16.08257,15.81075,5.977494,2.728075,4.308148,1.8712,1.04139007324764,53.21152,92.0200324058533,69.8428237438202,9.37,9.33696575302897,9.37531650786696,9.4050832639914,50.99149,54.11532,44.3237,85.2167,23.98309,34.1162,7.609933,20.09106,Composite,1
1237663916807028894,129.420466083896,60.2275246101746,12.32448,0,4.362695,0.02729915,18.35309,17.08399,16.50599,16.22393,15.96229,7.11992,3.695927,4.362695,2.634921,1.3386850828201,22.11848,95.847749710083,73.8899207115173,9.58,9.48876225187477,9.54562306951266,9.55903997205314,27.27758,57.21865,76.43083,163.8796,42.60449,22.8195,5.330207,10.43913,Star Forming,0
1237661125077696759,131.204723010508,28.3148883110719,3.518919,0.6900575,2.038951,0.02051668,18.88823,17.22408,16.47888,16.11003,15.85808,4.771348,2.137988,3.060215,1.389065,0.782595085693341,53.21558,90.1517271995544,70.3248608112335,9.29,9.33095536495742,9.43451773567358,9.4562774062797,74.38176,74.62003,88.06669,204.5441,54.03038,32.97752,18.8413,26.33857,Composite,0
1237657776079110333,132.857569843648,39.5949261755396,4.011403,0,2.228355,0.04101357,18.18739,17.25513,16.94836,16.73494,16.61398,4.120072,2.128071,2.228355,2.021974,1.10870105566927,15.59958,108.880653381348,119.014587402344,9.74,9.43355376947802,9.44303219027643,9.37503727895091,614.1206,255.5385,262.8523,769.5405,144.1315,98.92596,38.595,15.65408,Composite,1
1237658203420623186,133.951078408605,35.7505668874383,9.682291,0.2369068,4.442142,0.05267902,19.52643,18.22878,17.7405,17.47823,17.39545,9.896561,4.461367,5.683568,6.624032,2.1393946911905,15.06736,161.806325912476,143.429203033447,9.69,9.4757281426492,9.60538122260186,9.50686840593698,21.88098,17.80914,15.10213,56.58099,16.89105,10.63332,0,5.08645,Star Forming,1
1237660634914095200,136.904417451801,35.4745589478645,1.909967,1,1.301089,0.02761099,18.59425,17.20838,16.62954,16.31198,16.09858,4.760121,2.015924,1.909967,1.166733,0.631092676670614,83.28672,114.053988456726,79.2967891693115,9.52,9.36686184878798,9.54791117730201,9.55107927959762,407.9825,138.691,145.4722,403.3478,102.0437,77.90077,28.30887,22.60467,Composite,1
1237664869211308049,136.942642803895,33.1669108559866,3.440296,1,2.403105,0.04926365,17.36823,15.6698,14.91251,14.49384,14.17571,6.126317,2.640481,3.440296,3.74961,1.64512191238818,161.3237,209.608287811279,190.563526153564,10.75,10.8606907097125,11.0159514080151,11.0970840040245,1370.248,976.4349,2148.87,4396.157,539.0021,426.5233,152.8257,52.70311,Composite,1
1237661923404808424,138.980459295032,10.102098779677,1.605155,1,1.16499,0.03087903,19.27388,17.77821,17.16618,16.88683,16.61035,4.209475,1.752238,1.605155,1.09659,0.577238000318761,29.39953,88.5963249206543,68.3257734775543,9.38,9.18914234688335,9.44213911549741,9.44219068892562,32.78372,30.38986,53.84082,97.05785,24.12533,18.71452,8.642415,15.71011,Composite,1
1237667292115697931,139.337000985174,19.1719368945491,2.37208,1,1.242476,0.02853037,20.0875,18.46482,17.70651,17.33726,17.04078,5.236168,2.119056,2.37208,1.497271,0.847750505393152,42.78843,95.5551195144653,78.0876278877258,9.08,9.28901580203168,9.31601828118437,9.35632678281399,58.71582,29.10397,63.67203,123.58,30.52106,29.70207,15.25591,9.484949,Composite,1
1237664870286885168,141.948545380321,33.2091967312186,15.34919,0.130073,5.578249,0.03754605,19.06589,17.78909,17.36343,17.09525,16.93031,11.69413,5.226711,6.849185,5.689405,2.00728354990832,68.96831,163.538188934326,138.586368560791,9.49,9.27242382326192,9.52282780386304,9.4758014488325,18.24111,17.18316,19.35525,41.16621,12.92803,9.258914,0,5.651274,Composite,1
1237657874866962483,143.11166472526,42.0880212047888,1.398662,0.5626012,1.274896,0.02586363,19.72999,18.13976,17.37123,16.98615,16.69474,3.253214,1.565995,1.344527,0.7693474,0.26939479625581,56.00267,86.770293712616,69.13419008255,9.19,9.51780588619254,9.32604462016025,9.38707299283124,92.27171,52.47118,88.28496,197.7999,78.27153,44.85083,21.59143,16.20108,Composite,1
1237655107293413536,143.164432928161,51.2618216439773,0.7037085,0.939265,0.7863332,0.0472701,18.98836,17.85785,17.48106,17.20857,17.02342,2.236998,1.102402,0.7087267,0.7411891,0.237007786340447,84.38815,209.859933853149,121.416864395142,9.66,9.43090948280838,9.58476756748132,9.62406595074572,1234.445,483.7947,458.8526,1476.945,246.7299,222.4784,85.22153,23.02985,Composite,1
1237667113871212677,143.687256031064,26.6745127599909,3.297581,0.04676884,1.923153,0.03226687,18.60576,17.43154,16.83299,16.51781,16.27736,3.747226,1.802295,1.987433,1.418773,0.800975865054124,65.67948,105.916228294373,90.8204889297485,9.57,9.75343772482815,9.59174249218631,9.56942030607024,335.3281,281.5416,417.2575,995.4354,196.8052,151.4782,34.07792,20.08056,Composite,1
1237674462028497009,144.58978280735,6.525239685526,3.443846,0.7899122,2.235769,0.0223555,18.81209,17.26356,16.5861,16.23993,16.02165,5.712035,2.506076,3.190044,1.577774,0.89323933322311,44.32688,82.8788876533508,67.7041947841644,9.34,9.26173438620412,9.49976376239647,9.47777231913642,182.7175,70.91998,73.71999,204.6065,50.16956,35.85952,15.00112,15.80755,Composite,0
1237658422474309747,146.77383757521,5.03330348033029,1.73871,0.6749278,1.258507,0.02420315,18.7157,17.39003,16.85037,16.57359,16.37258,3.529744,1.638837,1.582609,0.8474405,0.353368194085521,57.82919,125.727128982544,97.5539970397949,9.29,9.18580752990333,9.23690010678547,9.24960433108936,174.3472,92.22195,115.5755,349.1066,91.80868,61.91697,23.4216,17.71464,Composite,1
1237661383310049409,147.583654435996,36.0796383834005,16.26584,0.03719946,5.743339,0.02179001,18.32907,17.12173,16.63645,16.38045,16.17768,12.39658,5.69089,6.13477,2.957463,1.4389883599615,23.01324,98.015456199646,77.5377774238586,9.27,9.1093431625692,9.29052635870175,9.2788007469062,11.98719,15.42193,19.08173,39.60223,17.34724,9.227769,3.999781,7.104084,Composite,1
1237654604246680007,147.94838204724,3.12278905726155,23.62769,0.07987749,6.350259,0.02069945,20.22945,18.01839,17.55326,17.34798,17.19967,2.970099,3.382856,7.730337,3.540144,1.59519162993064,621.2456,191.293849945068,171.2926197052,8.82,8.53199098229789,8.96044648313546,8.83529098817598,11.86888,10.71476,9.65153,21.62153,11.75111,6.568765,3.106909,3.794431,Composite,1
1237653665258406080,149.040193722814,2.24675682893792,2.26084,0.4024469,1.656068,0.03205347,19.65662,18.03312,17.29672,16.91097,16.61209,3.392306,1.575067,1.899457,1.347001,0.755885821202024,57.65176,91.1446309089661,73.2961225509644,9.4,9.50319180877594,9.47473987058038,9.50240587093867,27.64493,20.90494,56.33518,67.27041,19.88675,16.17225,13.12859,17.15622,Composite,1
1237651752386560083,150.035008715,0.984795552704032,0.9815055,1,0.7627422,0.03182067,17.42052,16.46476,15.98778,15.71779,15.53756,2.218656,1.067686,0.9815055,0.6909804,0.176081207824068,71.15697,103.523926734924,94.1427326202393,9.9,9.90627058314916,9.84523140557576,9.71332940504362,2870.643,1781.995,3551.235,5830.065,895.4753,849.7651,250.4302,38.53228,Composite,1
1237667430098206861,151.097221480098,23.2231683473662,1.121417,0.9824512,0.8094881,0.02658953,19.46761,18.06737,17.40345,17.07337,16.8501,2.664735,1.212447,1.115943,0.6564719,0.131582075115198,33.97945,92.172372341156,67.5937116146088,9.15,9.1466991218277,9.19592211046256,9.21635919136679,62.80205,51.54299,46.02612,119.3713,26.5207,21.67568,16.60588,19.64825,Star Forming,1
1237667430098927702,152.763923332031,23.5798012395981,3.610918,0,2.592813,0.02226022,19.10036,17.51825,16.87354,16.56783,16.33757,3.962324,1.810931,2.592813,1.276922,0.709478593871656,45.88379,89.0760374069214,67.8515875339508,9.21,9.11318496835973,9.29459776043223,9.30735940685554,51.97432,45.71131,43.12534,103.3168,38.80757,27.3841,5.560077,24.72815,Composite,1
1237661871319744631,154.446206975089,39.5355013783479,1.250489,0.8720955,0.9653209,0.05402449,18.96881,17.83631,17.50425,17.29998,17.16421,2.848284,1.322484,1.214015,1.451037,0.820506713802581,93.25938,136.771488189697,121.014504432678,9.72,9.34737514987789,9.33589209326601,9.34854034971795,232.3507,69.36028,39.30409,213.3889,40.24421,26.58911,26.3917,15.34495,Star Forming,1
1237651538169888964,155.454715908002,63.8685061337556,3.964715,0.6802732,2.373011,0.02108612,18.9893,17.6153,17.00545,16.70066,16.46024,4.466434,1.978244,3.455805,1.612165,0.911968873728358,39.35423,86.6863226890564,67.1947848796844,9.04,9.00676525305648,9.34032070968533,9.28758011217724,308.4251,83.50822,51.01537,278.1424,47.98984,39.82856,11.81074,18.48477,Star Forming,0
1237658424088985744,155.982268016303,6.91465964801086,2.538574,1,1.56668,0.03345079,20.12746,18.4321,17.63922,17.24325,16.98056,4.276979,1.801351,2.538574,1.878711,1.04486951144789,75.58264,98.3498764038086,75.7217216491699,9.37,9.65520518667255,9.45802907182951,9.48310508733266,53.46236,50.63456,28.26976,54.28716,15.40297,11.7899,17.01784,8.811135,Composite,1
1237670966466642107,157.13887950992,18.7538804840231,1.598686,1,1.076227,0.02737827,18.95884,17.53807,16.89482,16.56585,16.35093,3.783804,1.662898,1.598686,0.968351,0.469215398937829,43.99411,84.4157338142395,69.4969856739044,9.38,9.29755037656596,9.48135967773123,9.48677732903889,55.31147,49.68878,37.08559,98.58904,24.90147,18.09873,3.57711,23.83166,Star Forming,1
1237661070863433869,160.332531297129,14.6114320504422,0.9692227,0.5811043,0.9361271,0.04943329,19.63862,18.34736,17.8623,17.44829,17.24477,2.104374,0.9884623,0.9553591,1.04484,0.5352493452484,64.08305,116.885499954224,102.853484153748,9.6,9.82887905494863,9.71878520237806,9.78279187031148,2911.076,788.2537,668.5641,2629.924,261.7798,222.8124,40.77538,17.0132,Composite,1
1237667430639468688,161.686922521955,25.9172308581398,9.390541,0,4.193281,0.02026709,18.40613,17.1348,16.69453,16.5011,16.34371,7.228423,3.690097,4.193281,1.880222,1.04556785989836,19.41794,161.602325439453,188.785572052002,9.18,8.86939311955451,9.45735327681905,9.12920034560375,42.53003,44.22913,38.35221,107.1149,28.85164,21.54857,8.363749,9.764567,Star Forming,0
1237665017922060475,161.992044802954,33.9269178259117,29.67113,0.2583384,9.256207,0.02282471,18.5626,17.18189,16.76869,16.5077,16.39075,19.31239,8.655662,14.53017,7.337355,2.22822880581857,67.03883,76.4832592010498,66.6700124740601,9.37,9.10393484877427,9.38620001752861,9.26735387541703,27.0608,18.08629,14.11932,58.68001,19.46239,13.25882,4.919817,5.249257,Star Forming,1
1237668585967059181,162.525301094182,16.5147811991274,0.6399633,1,0.460222,0.05238875,18.95591,18.05923,17.7314,17.40962,17.24855,2.375374,1.026337,0.6399633,0.7417486,0.237663289220138,65.51014,110.030708312988,123.859858512878,9.64,9.53766272207517,9.52382524617133,9.54420686888625,3251.047,939.394,518.1296,2686.795,250.7168,227.7194,81.88519,19.0393,Star Forming,1
1237664131556180177,163.979703713885,13.938056990886,1.373231,0.6856289,1.18276,0.02378983,18.87646,17.40077,16.80354,16.49434,16.24653,2.905019,1.370164,1.313352,0.6912518,0.176422350801855,41.49745,120.296149253845,70.0003826618195,9.29,9.14144741304623,9.46899907756597,9.45046318887762,63.67832,65.08347,116.8801,236.5132,104.3468,71.87775,2920.884,22.51239,Composite,1
1237657628449964123,165.112669323422,49.9625349819071,10.53523,0.02365201,4.083549,0.02445887,19.93821,18.31101,17.67262,17.39761,17.27454,6.579423,3.118625,4.236144,2.292296,1.21769133068945,0,76.1731648445129,64.6028137207031,8.93,8.82771892437333,9.24635833308639,9.10820677509764,11.30541,20.49704,19.46708,41.70008,15.34199,11.66348,0,6.685482,Star Forming,0
1237661950783127718,165.582302546181,12.5186481550061,1.485635,0.7751611,1.211275,0.02703829,18.72193,17.29843,16.65725,16.32804,16.07951,3.417353,1.604352,1.423948,0.851799,0.357824045558436,43.73156,81.0980153083801,67.8801190853119,9.46,9.48445955304924,9.54355576145463,9.54686424782267,114.5763,70.24182,102.6541,210.195,43.11067,33.70309,13.13268,21.78523,Composite,1
1237658492812591266,171.632390859666,9.92096529708044,15.56785,0.3300939,5.392889,0.03133311,18.67558,17.48101,17.04722,16.8188,16.68397,13.83902,5.616791,8.751581,6.066717,2.06305720816228,107.4111,237.71463394165,213.893718719482,9.51,9.18733943857052,9.33347058348591,9.34817901332281,26.33925,19.26784,13.11775,46.20124,17.39684,10.36808,5.93789,4.976898,Star Forming,1
1237651067887812865,172.490142028578,65.6346188642166,1.48027,1,1.00965,0.04392692,19.832,18.34993,17.70027,17.36238,17.11138,3.11061,1.388907,1.48027,1.438584,0.813020143789545,43.87742,87.0535445213318,70.840892791748,9.48,9.39690669379318,9.47420641110512,9.49687473491213,85.3723,31.76667,26.24641,97.43831,11.95922,13.14143,6.93109,12.27146,Composite,1
1237667910051364960,172.601176448526,23.3667414303617,0.6176534,0.9477019,0.6344017,0.02395552,18.63828,17.67787,17.12114,16.8797,16.69436,2.112204,1.032037,0.6185293,0.3278156,-0.471591083425774,63.67097,106.209979057312,77.3055481910706,9.17,9.25694571789789,9.10426339143305,9.05885915126419,327.3298,471.1716,678.6829,1538.575,153.6864,145.1001,19.20427,26.58327,Star Forming,0
1237665025974468842,172.871680198953,35.1663857201852,1.139979,0.9605233,0.8506132,0.03368681,19.80102,18.39302,17.66569,17.32014,17.10523,2.686413,1.2735,1.128556,0.8410977,0.34684268604648,27.06858,85.558979511261,99.2031574249268,9.24,9.37968157669274,9.63095178949879,9.5467403436196,333.1365,172.9111,159.0519,501.0339,109.2751,88.61344,25.11196,12.53107,Composite,1
1237648721764810846,173.557269733432,0.309464012425649,1.511988,0.4796668,1.168164,0.02806342,19.09491,17.65291,17.111,16.82319,16.61188,2.88562,1.367523,1.333085,0.8276791,0.332873757524169,22.16692,86.3449764251709,74.8687863349915,9.37,9.19024736891154,9.2472438549521,9.28002918246784,26.21442,36.7973,46.89819,120.3243,38.16977,21.26321,8.079933,24.42922,Star Forming,1
1237667323790753935,177.002724056262,27.82948906152,0.7581996,1,0.6619859,0.02930818,19.42965,18.14432,17.74983,17.53171,17.36941,2.486442,1.123613,0.7581996,0.4916274,-0.119578119798839,64.53284,86.3143539428711,69.2812097072601,9.14,8.80043652358584,8.74412427288189,8.75607153217788,41.82292,26.4477,23.23101,58.14385,18.68292,5.299156,0,15.83934,Composite,1
1237667914343383245,177.260967079126,18.8532101346137,19.64413,0,7.469,0.01924318,18.22687,16.99624,16.44449,16.19864,16.03376,12.51085,5.927896,7.469,3.179823,1.50195558847632,13.63545,103.596620559692,95.0203371047974,9.26,9.01568502729241,9.36867543718836,9.29324761996031,15.48844,13.07708,14.23204,28.55336,14.62592,9.028867,2.191597,6.479631,Composite,0
1237667254550134916,178.286044513429,30.1874551714456,0.7575489,0.8256124,0.7730297,0.0215518,19.03649,17.71372,17.14964,16.87338,16.65919,2.419518,1.141094,0.7602485,0.3624957,-0.384244593139551,17.14991,86.5693950653076,67.9788208007813,9.07,8.98987261056031,9.00571695136023,9.02197516387241,140.1456,217.5674,285.5359,650.7388,140.2803,108.4599,32.65281,22.63811,Star Forming,1
1237661950788698148,178.496108140399,13.1482389697388,1.527145,0.9412497,1.284695,0.02260602,18.96109,17.49058,16.75949,16.38313,16.11499,3.246124,1.493918,1.512901,0.7566555,0.254946116735452,62.98785,78.6223387718201,61.4784967899323,9.27,9.57443195305603,9.54726525797741,9.50519234218518,258.5544,141.3344,109.6884,380.3276,69.02973,49.99937,22.48653,25.25391,Star Forming,1
1237667444042629216,179.322793755627,28.1190524649484,9.894094,0,4.53494,0.0221296,18.63081,17.24904,16.58463,16.22794,15.93729,6.932769,3.219403,4.53494,2.220285,1.18996711492083,0,84.3428039550781,65.677342414856,9.33,9.61286944528447,9.65370041807182,9.57397988918819,22.23687,49.17714,61.49751,127.9796,39.71334,23.17578,12.01695,15.19826,Star Forming,1
1237661353779789833,179.552242639184,57.8894222064943,1.227255,0.8338998,1.144797,0.04149056,19.49189,18.23028,17.69329,17.37387,17.17413,2.817617,1.356038,1.213559,1.113971,0.590897548402348,18.60618,104.565162658691,73.8962292671204,9.46,9.40839412870256,9.42452574672643,9.37005845953536,223.5856,92.91375,78.51264,289.9066,61.5836,47.1993,22.94641,13.16229,Star Forming,1
1237657627917221959,179.843086361653,51.3025177652741,1.506597,1,1.032435,0.02966616,19.95831,18.37688,17.60656,17.27294,16.99536,3.505231,1.530251,1.506597,0.9888311,0.487394018993908,19.45675,80.6206274032593,67.8151571750641,9.15,9.23474384337469,9.3914006370469,9.39489879450412,131.9206,50.475,28.14035,120.2126,20.81433,13.73939,7.884037,13.51556,Star Forming,1
1237661433770868998,182.982009638429,46.9818292985064,29.67023,0,15.88006,0.0032868,17.57841,16.40757,15.9156,15.77199,15.69612,26.03723,10.41942,15.88006,1.154753,0.622127957979848,0,121.129150390625,109.453797340393,7.86,7.57555580969968,8.08267689103911,8.07829384428783,106.1561,40.39324,15.58042,84.96609,26.61425,18.39482,9.155346,3.305521,Star Forming,1
1237668298203922569,184.555981785243,20.0769073801514,2.847556,1,1.535812,0.04570264,18.91954,17.63602,17.17834,16.9447,16.79469,5.669744,2.409188,2.847556,2.879236,1.41570423285765,0,89.1597819328308,67.408766746521,9.75,9.44585666499633,9.40531702284352,9.45795705213095,18.38694,18.99318,29.03032,76.40778,27.02222,20.2989,7.190175,13.78371,Star Forming,1
1237655126083240130,185.101251950615,5.57286481022259,17.68191,0.3503868,9.203074,0.003126579,16.07089,14.35892,13.53308,13.09908,12.79662,18.62023,8.250054,12.17395,0.8421013,0.347878494584425,71.95128,99.6016025543213,82.1841311454773,9.21,9.27601657723818,9.47079828256392,9.43010982839041,1026.36,2920.955,1112.197,2246.057,381.9078,259.607,90.35324,33.55523,Star Forming,0
1237665440975224856,185.175373414904,29.345868246359,29.67075,0.1626429,23.49393,0.002123314,15.24991,13.87052,13.27699,12.95651,12.82025,41.97605,19.9232,24.49855,1.150849,0.619186280228827,43.60585,88.6737728118896,70.5417668819427,8.57,8.43193489005457,8.60917108619469,8.58921051151265,52.11874,91.55333,98.96089,164.1174,49.10153,40.65042,18.41708,17.4089,Composite,1
1237662236930474097,187.066379880716,9.43631674325816,29.66634,0,20.12624,0.001153956,15.25994,13.72377,12.9696,12.54309,12.22112,45.12414,18.91512,20.12624,0.5138254,-0.0812190516594661,15.20512,83.5102844238281,67.1866297721863,8.29,8.57565015724929,8.41492490075507,8.46661773644155,148.4162,378.5096,539.3564,793.9058,197.5737,140.2964,93.38174,23.19573,Composite,0
1237662236931784840,190.141112554856,9.4578956667215,1.87586,0.7355694,1.472435,0.02776959,18.40924,17.21305,16.5999,16.30791,16.04334,3.6216,1.679344,1.769182,1.08694,0.56956106031551,69.77838,176.813249588013,114.391379356384,9.51,9.65360365327592,9.51144248523633,9.53462041916646,327.8671,595.062,981.4565,2062.786,294.3089,242.4277,18.31231,19.21966,Star Forming,1
1237671264962150496,192.491112051916,5.31141006832291,29.68331,0.2162884,28.44264,0.002161592,13.23349,12.1572,11.73626,11.54021,11.3885,53.92235,26.91205,28.71099,1.373048,0.772520962900116,24.18567,86.1417078971863,67.3796880245209,9.11,8.77065884839246,9.07031845895108,9.05514896808018,101.7934,130.3376,146.9646,304.4674,119.8834,81.35027,35.67859,32.60269,Composite,1
1237661967434121326,197.317054251743,41.913727136789,5.682342,0,2.36734,0.02921733,19.34401,18.02788,17.48667,17.25441,17.01544,5.06976,2.427412,2.36734,1.530259,0.866679606995788,41.53505,98.7406873703003,86.3179087638855,9.19,8.96274054748008,9.21775915054968,9.20527883867544,25.77706,29.32556,25.22445,69.1152,14.77757,16.31214,3.865522,8.769627,Star Forming,1
1237665442590490756,197.529577052971,30.0155781842444,1.194297,0.695114,1.085327,0.03541255,20.01613,18.35212,17.54261,17.08166,16.72002,2.727281,1.297586,1.161074,0.9096631,0.414910977561073,76.78059,106.512260437012,73.3479690551758,9.52,9.8257747201031,9.7143523288978,9.74067159970582,201.4606,440.8701,740.7175,1425.163,282.247,206.0994,80.85579,14.81659,Star Forming,1
1237662224609640475,200.485063446136,38.734727948721,29.6682,0.2138911,42.34657,0.003265379,14.02541,12.75718,12.26717,12.11978,12.20903,84.86597,36.1731,39.63478,2.863345,1.41089718397107,48.75053,89.3247437477112,77.9510998725891,9.18,8.93201452830547,9.23878232149582,9.0690084619273,43.92569,56.36442,61.83896,147.9652,48.43655,34.69782,11.46814,25.717,Star Forming,0
1237665330932154434,201.384768742783,31.8925540213984,1.024928,1,0.9599246,0.03789645,18.20826,17.52325,17.16056,16.91021,16.76375,3.269037,1.473855,1.024928,0.8593212,0.365460871837887,41.48477,369.105682373047,265.019302368164,9.57,9.42689077439238,9.29315210230925,9.21083381567951,675.6449,494.6442,475.6134,1629.482,149.7032,127.4972,16.37231,21.79622,Star Forming,1
1237648704049447009,204.564104821911,-0.398550148561042,9.380461,0.03553198,4.369456,0.02204254,17.03387,16.15782,15.87231,15.75213,15.62607,7.428146,3.613028,4.547507,2.217679,1.18894725303207,15.73056,352.512130737305,75.6291437149048,9.56,9.0969107913996,9.28887639045934,9.10484908552826,2579.259,729.691,429.4875,2255.224,277.5555,185.7574,70.63134,24.04435,Star Forming,1
1237667912748826741,205.375578840607,24.4811098887846,4.823435,0,2.2762,0.02844259,18.91956,17.56159,16.94083,16.62709,16.40043,4.350752,2.239858,2.2762,1.43233,0.809236110936214,42.77939,93.6609268188477,72.8983688354492,9.39,9.46181563297668,9.5137124346511,9.50955050467746,27.6598,50.43688,64.28929,124.6164,29.41082,25.68503,5.582629,17.37823,Composite,1
1237662301358457183,205.483944496556,50.1117175570242,16.17722,0.05632593,5.180998,0.03723964,19.42599,18.00777,17.50483,17.31176,17.12254,11.04531,5.061581,5.800371,4.778866,1.85579945461296,35.0891,109.422807693481,103.867063522339,9.38,9.10931488353527,9.49816620679485,9.40088460711559,13.68203,11.18691,18.16251,37.80869,14.58107,7.060986,3.389477,4.139992,Composite,0
1237658801507795000,210.316853941886,51.8730006099272,4.361361,0.9529048,3.571229,0.007497065,16.83499,15.3201,14.66569,14.32011,14.08992,8.836898,3.509478,4.32415,0.7172254,0.208461072143026,39.42121,91.3309621810913,71.7009365558624,9.13,9.17269464220358,9.22733667073771,9.25774576129334,166.6225,161.4661,156.0422,271.6854,104.711,68.20554,51.66735,39.0937,Composite,1
1237658205056204926,211.864639041698,47.0899304646373,1.72922,0.4498709,1.202627,0.04299404,19.36112,18.12536,17.52169,17.23227,17.06654,3.157026,1.541764,1.439526,1.369277,0.77013256043732,67.38803,98.3215713500977,78.1757140159607,9.58,9.51618119205019,9.54681938595604,9.4976278900649,55.35192,127.4684,186.6611,377.0471,80.29192,63.05827,10.20784,13.79138,Star Forming,0
1237662303507578912,211.897804834336,50.5452080042368,19.95649,0.02612786,7.851205,0.00679438,17.8277,16.36575,15.6861,15.33873,15.06444,12.28667,5.595858,8.16749,1.227728,0.675354025788802,0,88.0099391937256,69.5992434024811,8.66,8.6474893886646,8.83194687859213,8.84438330266858,29.61008,59.9528,41.55158,89.93166,32.68359,23.15292,13.34974,12.46413,Star Forming,0
1237648720708239499,212.834571435862,-0.497443854095123,4.197906,0.4289048,2.369711,0.02516963,19.95526,18.20339,17.33105,16.84191,16.39903,4.610577,2.105361,3.153833,1.756221,0.986308259790379,71.20045,93.6768770217896,77.0165491104126,9.67,9.75625244415527,9.52616237694019,9.65241651417455,216.7188,149.1781,174.3858,366.8409,114.8634,73.97693,9.461869,13.83143,Composite,1
1237667782846447918,213.659087034207,20.0682897107861,13.64778,0.4131511,4.846305,0.02870148,18.59942,17.2603,16.73266,16.48195,16.29942,11.48415,5.01073,8.482643,5.386406,1.95974802079189,39.90414,99.1250610351563,90.9096693992615,9.26,9.03159636391089,9.76048253284534,9.62683243252104,10.56025,11.89137,11.67676,24.06748,8.899653,4.517154,4.116189,8.710791,Composite,1
1237661950268211418,216.834672918063,11.0147336745481,12.05988,0,4.546168,0.02751523,18.41874,17.19116,16.64715,16.3667,16.12363,9.111062,4.348027,4.546168,2.767466,1.381314316963,40.86589,105.513949394226,102.527556419373,9.5,9.3964754308829,9.49956357204792,9.49465784041968,12.23259,29.71235,29.22201,64.58791,18.63849,11.33205,6.246741,9.287632,Star Forming,0
1237665429172519034,217.944821669146,26.2734353082579,1.890367,0.8616718,1.513931,0.01551864,18.15621,16.57253,15.8623,15.53292,15.28679,3.424897,1.599726,1.838295,0.6311499,0.0974148833900952,51.94577,89.5549011230469,68.0108094215393,9.27,9.30540371003636,9.40596260620077,9.43919359342544,118.8559,59.22823,69.34253,140.0163,52.14915,39.82586,12.74821,34.57297,Composite,1
1237661385996304558,219.746453984008,51.1206771241138,29.66833,0.1881839,18.28177,0.007347414,16.39025,14.9985,14.26302,13.86847,13.59931,27.3927,11.60217,20.42454,3.320095,1.5394506951355,66.10178,96.7391204833984,76.2070608139038,9.29,9.64167805906313,9.49289656207111,9.54868237415212,94.70596,117.7386,108.8525,247.1592,62.74657,54.09372,16.76181,17.18731,Star Forming,1
1237667967493406774,220.719934042807,20.9143530096157,0.5986332,1,0.6427085,0.04266471,18.54709,17.7704,17.56908,17.37352,17.23614,2.262308,1.060563,0.5986332,0.5650583,0.00133628554086468,50.13657,116.750569343567,77.6204299926758,9.5,9.05750900403494,8.81650764174992,8.97024849581067,771.2392,233.0509,262.4177,782.5939,203.5805,150.1624,84.97628,19.77986,Composite,1
1237662264320655497,223.827126797456,8.26845081760539,1.705711,0.3095034,1.183488,0.03611261,19.79531,18.27082,17.64303,17.35048,17.12843,2.648434,1.287529,1.345117,1.074689,0.559715318104209,31.25612,86.6789031028748,74.571852684021,9.37,9.20011732161455,9.3456577459001,9.32994352555761,42.43979,51.13104,80.57266,162.8958,41.06411,28.12291,14.85484,16.49358,Composite,1
1237662262175334433,228.595382961967,6.05230556351962,2.593641,0.5431277,1.880039,0.02383734,18.30533,16.94386,16.2076,15.85316,15.56459,3.94243,1.780632,2.267616,1.195889,0.652531781650173,67.8961,99.0988969802856,74.1233229637146,9.62,9.85997393228003,9.77737836632878,9.75879355635698,379.8817,502.3748,785.4565,1585.734,278.0949,203.0173,32.42678,30.85347,Composite,1
1237662198821028115,229.036713310415,8.75888743143585,2.065089,0.6438226,1.514328,0.03503228,19.46845,17.9274,17.17037,16.77803,16.49946,3.058297,1.416057,1.868921,1.448515,0.818995524669119,59.74921,97.7773427963257,74.3182730674744,9.48,9.80948070931668,9.83824860221648,9.83209732652176,80.64498,136.9521,189.4332,349.0548,74.46651,58.42556,9.473736,17.63753,Composite,1
1237662263787192621,231.655679773531,6.99491070064415,0.7767634,1,0.663905,0.03842279,18.83412,17.97412,17.47618,17.17453,16.9997,2.232144,0.9937705,0.7767634,0.6603001,0.136632476871948,74.97192,221.87032699585,105.147008895874,9.5,9.54276932956555,9.53577349726402,9.48365957797796,835.1291,433.8267,254.0025,1100.872,49.84936,42.43721,30.1561,18.208,Star Forming,1
1237661949738090680,232.306111894857,8.50297679300358,1.400819,1,0.8328534,0.04299966,17.92785,17.26369,16.89639,16.64285,16.42956,4.500817,1.699711,1.400819,1.332633,0.746571154496647,48.84642,89.3236517906189,69.9723267555237,9.84,9.64565742441048,10.0099245061574,9.90322875675338,334.7288,209.2238,317.5612,622.6091,106.1197,93.59348,15.86504,14.33909,Composite,1
1237668270837727265,232.631024341349,12.7817609192501,1.241283,0.9029202,0.9747495,0.05288796,18.60772,17.43348,17.04237,16.76553,16.62657,2.810099,1.251346,1.215408,1.422141,0.80303514265858,76.60895,136.120662689209,86.2155532836914,9.93,9.63152810387437,9.54763834390906,9.61609918803879,619.2974,370.0651,381.7906,1256.615,255.9963,173.0891,48.9725,25.79343,Star Forming,1
1237662340546232466,232.736892868919,31.6137451785888,0.9077887,1,0.7660074,0.03652966,18.34911,17.20011,16.74232,16.46205,16.25157,2.62342,1.15425,0.9077887,0.7336587,0.228137962892474,51.59597,129.504342079163,92.6818752288818,9.73,9.58975569066411,9.55859898295603,9.55212269947515,2376.308,717.1953,565.0065,2456.713,207.1812,232.1601,70.2645,26.65998,Composite,1
1237655742948901172,233.606621477085,4.13517499382785,3.716511,0.6525709,1.980876,0.03951654,18.96622,18.28563,17.8134,17.53422,17.34678,4.96672,2.213,3.113501,2.722022,1.36693298621372,768.6835,369.968070983887,227.04174041748,9.34,9.32381154656088,8.59031403792142,9.1014415772479,122.7444,205.3242,75.5752,442.9874,19.65206,12.99557,6.453692,7.759151,Star Forming,1
1237662336790495457,236.763365885316,34.2220647849571,0.9064071,0.8824413,0.8523952,0.03954303,19.11534,17.61949,16.91035,16.53479,16.25756,2.488981,1.188356,0.9000576,0.7874154,0.289557574706287,43.11515,96.1433792114258,75.8473443984985,9.74,9.95851603871857,9.8325584356935,9.88189663534286,186.4864,215.6352,352.1163,708.8198,111.1596,84.40993,26.2253,24.91716,Composite,1
1237668367998583142,240.628232786045,14.4869977451967,7.539165,0,2.928662,0.03363502,19.39025,18.07047,17.53382,17.27551,17.13326,5.672703,2.727715,2.928662,2.179338,1.17379914674555,70.22962,119.558477401733,105.69522857666,9.31,9.05176788867335,9.46069307081052,9.36122307681217,22.9656,22.60914,32.22302,68.29706,19.46857,9.461197,3.080376,9.015596,Composite,1
1237665442071839293,241.382704771934,17.8072680170561,2.036589,0.3156793,1.479292,0.03167688,20.05427,18.65379,17.915,17.54266,17.24977,3.211861,1.494521,1.655219,1.16001,0.626073144513485,14.28907,93.4612846374512,82.4229574203491,9.16,9.44803765701263,9.49194642083603,9.41569670931494,115.4965,129.2944,94.14555,330.5793,27.1516,30.70974,16.5154,11.76214,Star Forming,1
1237662637449805932,241.435722673512,8.84553491693376,6.373086,0.269013,3.708103,0.01542375,18.46338,16.81567,15.96381,15.57005,15.43799,6.175783,2.706566,4.425018,1.509972,0.855087351128706,53.56229,86.7169451713562,69.5797944068909,9.28,9.64050614631106,9.52339236505941,9.48644973096089,237.2338,178.9928,115.4548,251.5344,49.38954,45.13106,0,25.1256,Composite,0
1237654950524879054,242.494511832777,53.836513228301,10.43674,0.4982685,3.757022,0.01764042,18.60134,17.33069,16.91532,16.75556,16.71435,14.64886,4.902798,7.085315,2.765234,1.38061348166232,286.8582,252.428245544434,180.69938659668,8.69,8.38358149168926,8.6347377563543,8.60317321484763,43.07715,21.07435,7.029872,51.22256,6.283323,12.97312,0,6.759721,Star Forming,1
1237659325491773711,245.267280182386,40.3895654032022,1.210802,0.8795862,0.878744,0.03331295,19.67518,18.11089,17.3926,17.03079,16.78531,2.620057,1.221394,1.170817,0.8629106,0.369081418643789,42.65723,90.0446271896362,68.268176317215,9.32,9.41873332787773,9.4327557629731,9.51654437812977,51.56656,81.03334,72.31642,148.1641,32.23333,23.52156,3.868496,14.30605,Composite,1
1237654953202155805,246.311069310297,48.7213283607165,1.232873,1,0.9789451,0.0207404,19.17659,17.70294,16.97683,16.62895,16.35367,2.929095,1.331583,1.232873,0.5657167,0.00234784775497432,65.1116,92.2831511497498,70.5652332305908,9.09,9.41264341343137,9.33488793725701,9.32840639326241,100.423,101.3265,70.01971,161.6821,34.30328,37.50835,15.72375,21.82355,Composite,1
1237662474770055356,248.045293429022,29.0251621557334,1.626525,1,1.231639,0.03695696,18.9795,17.82527,17.35048,17.05917,16.89761,4.164933,1.812014,1.626525,1.329905,0.744791275191278,0,95.5584573745728,76.7726993560791,9.51,9.40652692628689,9.37662201748753,9.33074245594253,276.9427,105.4766,80.06026,330.3885,68.61388,49.01809,7.121854,14.84715,Star Forming,1
1237659119877095475,255.268712025002,25.8688822983892,0.7877481,1,0.7642875,0.03861924,17.94956,16.94177,16.59443,16.34242,16.15208,2.789098,1.335635,0.7877481,0.6730615,0.153259344539984,44.21163,257.986965179443,101.904826164246,9.86,9.63815831400113,9.49718234447209,9.49345700349659,995.3242,787.0021,897.2635,2567.118,338.0397,290.9113,60.88971,29.74361,Star Forming,1
1237656530529550679,263.012362756078,59.9818857435365,2.818113,0.9643148,1.277837,0.02914416,18.49737,17.23936,16.82228,16.59689,16.41748,20.82616,6.83587,2.763148,1.781638,0.998788496776168,56.79109,89.5257878303528,73.4330773353577,9.48,9.17019059544799,9.11434225833727,9.13600195391336,126.2964,55.17352,82.38182,182.2311,33.15424,23.38954,22.49789,14.70472,Composite,1
1237663783660093638,359.038117201306,-0.407943287842989,15.34465,0.1637428,5.947432,0.02559372,18.48721,17.23717,16.94343,16.71437,16.56559,12.65606,5.488819,7.486158,4.238929,1.75166212283012,20.68397,135.834131240845,132.501306533813,9.36,8.99349250127061,8.9312420564529,8.93904634274077,93.73138,31.37569,22.56164,139.6181,27.16828,21.50396,4.225154,4.066886,Star Forming,0