NGC0315  1   14.453681   30.352448    -24.6     2.704E+12   30619.6    351.6                    
NGC0584  1   22.836479   -6.868061    -22.6     3.428E+11    5296.6    217.3                    
NGC0636  1   24.777204   -7.512603    -21.6     1.225E+11    3647.5    156.3                    
NGC0720  1   28.252179  -13.738681    -22.6     4.055E+11    6918.3    246.6                    
NGC0777  1   30.062225   31.429383    -23.6     1.028E+12   13614.4    348.3                    
NGC1052  1   40.269994   -8.255764    -22.0     2.443E+11    5284.5    205.6                    
NGC1395  1   54.624121  -23.027692    -22.5     3.365E+11    6854.9    258.2                    
NGC1399  1   54.621179  -35.450742    -22.5     3.873E+11    5457.6    309.7                    
NGC1404  1   54.716321  -35.594392    -22.2     2.576E+11    3443.5    225.4                    
NGC1407  1   55.049600  -18.580378    -22.9     5.346E+11   10990.1    285.1                    
NGC1549  1   63.938429  -55.592361    -21.8     1.714E+11    4549.9    205.1                    
NGC1600  1   67.916075   -5.086103    -24.1     1.567E+12   22908.7    320.6                    
NGC1700  1   74.234779   -4.865733    -23.2     5.495E+11    5432.5    233.3                    
NGC2300  1  113.085358   85.708861    -22.6     4.842E+11    8035.3    269.2                    
NGC3091  1  150.058854  -19.636478    -23.0     5.534E+11   10069.3    290.4                    
NGC3557  1  167.490221  -37.539172    -23.5     8.770E+11   10023.1    291.7                    
NGC3904  1  177.305025  -29.276692    -21.8     1.496E+11    3589.2    215.3                    
NGC4125  1  182.025071   65.174133    -23.3     6.281E+11   11194.4    228.6                    
NGC4589  1  189.354308   74.191886    -22.2     2.366E+11    7413.1    214.8                    
NGC4889  1  195.033738   27.977025    -24.2     2.213E+12   21183.6    381.1                    
NGC6411  1  263.886750   60.813386    -22.7     3.784E+11   10232.9    155.6                    
NGC6909  1  306.911958  -47.027053    -22.2     1.803E+11    8394.6    148.6                    
NGC7507  1  348.031646  -28.539639    -22.3     2.877E+11    4920.4    238.2                    
NGC7619  1  350.060517    8.206286    -23.4     8.872E+11   11668.1    337.3                    
NGC7626  1  350.177183    8.217064    -23.4     8.551E+11   13708.8    233.9                    
NGC7785  1  358.829317    5.915878    -23.2     6.237E+11   10543.9    291.1                    
IC1459  1  344.294200  -36.462221    -22.7     4.487E+11    6251.7    307.6                    
IC4296  1  204.162721  -33.965917    -23.9     1.282E+12   19319.7    322.8                    
NGC1379  1   54.016417  -35.441175    -21.4     1.009E+11    5470.2    133.4                    
NGC1439  1   56.208154  -21.920497    -21.3     8.790E+10    6251.7    156.3                    
NGC3818  1  175.488983   -6.155661    -20.4     4.207E+10    2673.0    206.1                    
NGC4291  1  185.073746   75.370964    -21.4     1.167E+11    2630.3    258.8                    
NGC4742  1  192.950167  -10.454794    -20.5     3.334E+10    1270.6     93.3                    
NGC4431  1  186.863967   12.290356    -18.8     7.079E+09    1778.3     67.6                    
NGC4467  1  187.376113    7.992950    -17.7     3.581E+09     963.8     67.0                    
NGC0016  1    2.267917   27.729453    -21.7     1.469E+11    2322.7    182.0                    
NGC1175  1   46.134871   42.339264    -22.6     2.594E+11    4365.2    200.0                    
NGC1553  1   64.043608  -55.780139    -21.9     1.469E+11    2228.4    169.8                    
NGC2639  1  130.908721   50.205539    -21.7     1.023E+11    7447.3    179.9                    
NGC3115  1  151.308242   -7.718581    -20.7     6.412E+10    1545.3    219.8                    
NGC4169  1  183.078417   29.179294    -22.1     2.018E+11    4864.1    221.8                    
NGC4594  1  189.997633  -11.623054    -23.4     5.058E+11    8128.3    219.8                    
NGC5380  1  209.236117   37.610417    -20.5     4.909E+10    1071.5    158.1                    
IC0560  1  146.472656   -0.268221    -19.2     9.886E+09    1879.9     83.2                    
IC0598  1  153.202423   43.145546    -19.7     1.247E+10    1546.5    100.2                    
IC0676  1  168.165909    9.055736    -19.4     1.384E+10    2968.3     66.8                    
IC0719  1  175.077042    9.009861    -19.8     3.388E+10    1516.8     85.9                    
IC1024  1  217.863419    3.009107    -18.9     1.099E+10    1404.1     59.2                    
IC3631  1  189.950195   12.973927    -19.1     3.882E+09    2348.7     54.1                    
NGC0448  1   18.818876   -1.626105    -20.1     2.065E+10    1436.8     97.3                    
NGC0474  1   20.027901    3.415270    -21.0     8.590E+10    4441.5    167.1                    
NGC0502  1   20.731415    9.049169    -20.1     2.618E+10    2515.8    127.9                    
NGC0509  1   20.850327    9.433469    -19.0     1.016E+10    2305.6     61.9                    
NGC0516  1   21.033607    9.551668    -19.3     1.072E+10    2332.9     55.3                    
NGC0524  1   21.198778    9.538793    -21.8     1.476E+11    4139.3    243.2                    
NGC0525  1   21.220442    9.703240    -19.0     1.469E+10    1591.2     89.9                    
NGC0661  1   26.060976   28.705988    -20.3     7.998E+10    2406.0    190.1                    
NGC0680  1   27.447035   21.970827    -21.3     9.750E+10    3152.1    207.0                    
NGC0770  1   29.806850   18.954695    -19.7     1.346E+10    1280.1    110.9                    
NGC0821  1   32.088123   10.994870    -21.1     1.016E+11    3942.7    199.5                    
NGC0936  1   36.906090   -1.156280    -21.9     1.253E+11    5752.0    195.9                    
NGC1023  1   40.100052   39.063251    -21.1     6.577E+10    1891.9    207.0                    
NGC1121  1   42.663387   -1.734040    -19.8     2.773E+10    1115.2    171.8                    
NGC1222  1   47.236446   -2.955212    -19.8     1.054E+10    2489.0     69.2                    
NGC1248  1   48.202328   -5.224674    -20.0     1.660E+10    2072.3     92.3                    
NGC1266  1   49.003120   -2.427370    -20.0     2.582E+10    2762.1     78.9                    
NGC1289  1   49.707592   -1.973354    -20.5     4.571E+10    3183.5    135.8                    
NGC1665  1   72.071098   -5.427655    -20.7     3.565E+10    4566.7     99.8                    
NGC2549  1  124.743111   57.803108    -19.5     2.084E+10    1136.3    149.3                    
NGC2577  1  125.681137   22.553040    -20.5     7.762E+10    2350.3    208.9                    
NGC2592  1  126.783669   25.970339    -20.0     4.764E+10    1477.5    242.1                    
NGC2679  1  132.887192   30.865419    -19.9     2.173E+10    3692.6     96.2                    
NGC2685  1  133.894791   58.734409    -19.9     1.528E+10    1787.7     93.8                    
NGC2695  1  133.612778   -3.067101    -20.7     7.430E+10    2635.6    219.8                    
NGC2698  1  133.902222   -3.183882    -20.4     6.668E+10    1623.8    226.5                    
NGC2699  1  133.953415   -3.127507    -19.8     2.275E+10    1412.1    151.7                    
NGC2764  1  137.072983   21.443447    -20.3     4.345E+10    2846.2     89.9                    
NGC2768  1  137.906265   60.037209    -21.8     3.420E+11    6339.1    202.3                    
NGC2778  1  138.101639   35.027424    -19.3     3.048E+10    1655.3    164.1                    
NGC2824  1  139.759277   26.269999    -20.0     1.416E+10    1581.9    134.0                    
NGC2859  1  141.077286   34.513378    -21.2     8.913E+10    3613.6    178.6                    
NGC2880  1  142.394241   62.490620    -20.1     3.281E+10    2118.1    141.3                    
NGC2950  1  145.646317   58.851219    -20.0     2.667E+10    1213.2    169.8                    
NGC2962  1  145.224609    5.165820    -21.1     1.250E+11    4786.9    175.4                    
NGC2974  1  145.638611   -3.699116    -20.7     1.265E+11    2797.2    237.1                    
NGC3032  1  148.034119   29.236279    -19.1     7.096E+09    1986.0     96.2                    
NGC3073  1  150.216843   55.618935    -18.9     6.397E+09    3202.2     56.9                    
NGC3098  1  150.569458   24.711092    -19.8     2.148E+10    1149.0    109.1                    
NGC3156  1  153.171692    3.129320    -19.2     8.610E+09    1910.0     68.9                    
NGC3193  1  154.603683   21.893978    -21.7     1.340E+11    4409.6    199.1                    
NGC3226  1  155.862549   19.898439    -20.3     9.840E+10    4087.1    177.8                    
NGC3230  1  155.933090   12.567883    -21.3     1.256E+11    3313.1    200.9                    
NGC3245  1  156.826523   28.507435    -20.8     5.768E+10    2291.2    209.9                    
NGC3248  1  156.939270   22.847170    -19.5     1.679E+10    2320.1     97.7                    
NGC3301  1  159.233459   21.882166    -20.4     2.371E+10    2058.3    124.7                    
NGC3377  1  161.926666   13.985640    -19.9     2.761E+10    2060.6    145.5                    
NGC3379  1  161.956665   12.581630    -20.9     6.442E+10    2351.9    213.3                    
NGC3384  1  162.070404   12.629300    -20.6     3.126E+10    2002.9    161.4                    
NGC3412  1  162.722137   13.412142    -19.6     9.311E+09    1592.1    105.2                    
NGC3414  1  162.817673   27.974968    -21.1     1.096E+11    3620.3    231.7                    
NGC3457  1  163.702591   17.621157    -19.0     5.093E+09    1137.0     77.4                    
NGC3458  1  164.006042   57.116970    -20.2     3.793E+10    1407.8    179.1                    
NGC3489  1  165.077454   13.901258    -20.1     1.096E+10    1278.7    106.7                    
NGC3522  1  166.668549   20.085621    -18.8     1.521E+10    1734.3    102.6                    
NGC3595  1  168.856461   47.447147    -20.4     4.634E+10    2403.8    160.7                    
NGC3599  1  168.862305   18.110369    -19.3     9.247E+09    2699.2     74.8                    
NGC3605  1  169.194260   18.017141    -18.9     1.002E+10    1264.1     92.5                    
NGC3607  1  169.227737   18.051809    -21.8     2.099E+11    4897.0    229.1                    
NGC3608  1  169.245697   18.148531    -20.7     8.222E+10    3205.4    193.2                    
NGC3610  1  169.605316   58.786247    -20.8     4.539E+10    1712.5    175.4                    
NGC3613  1  169.650543   57.999924    -21.4     1.690E+11    3399.1    212.3                    
NGC3619  1  169.840088   57.757683    -20.7     6.714E+10    4146.8    166.3                    
NGC3626  1  170.015808   18.356791    -20.4     2.716E+10    2326.0    136.1                    
NGC3630  1  170.070786    2.964170    -20.2     3.214E+10    1275.0    174.2                    
NGC3640  1  170.278549    3.234764    -21.7     1.426E+11    4903.8    184.9                    
NGC3641  1  170.286621    3.194489    -18.9     2.312E+10    1465.1    174.2                    
NGC3648  1  170.631195   39.876972    -20.1     4.018E+10    1880.9    189.2                    
NGC3658  1  170.992706   38.562424    -20.5     4.797E+10    3358.3    164.4                    
NGC3665  1  171.181793   38.762791    -22.0     3.221E+11    7004.9    224.9                    
NGC3674  1  171.610870   57.048290    -20.3     6.237E+10    1521.7    221.8                    
NGC3694  1  172.225571   35.413857    -19.4     6.792E+09    1644.8     78.0                    
NGC3757  1  174.261765   58.415649    -19.2     1.742E+10     864.3    147.9                    
NGC3941  1  178.230667   36.986378    -20.1     2.188E+10    1435.9    139.3                    
NGC3945  1  178.307190   60.675560    -21.4     8.770E+10    3342.4    182.8                    
NGC3998  1  179.484039   55.453564    -20.4     7.709E+10    1593.3    278.6                    
NGC4026  1  179.854950   50.961689    -20.1     3.459E+10    1250.7    190.1                    
NGC4036  1  180.362045   61.895699    -21.5     1.445E+11    3065.6    188.8                    
NGC4078  1  181.198456   10.595537    -20.1     5.808E+10    1608.8    174.6                    
NGC4111  1  181.763031   43.065392    -20.4     4.207E+10    1106.4    158.9                    
NGC4119  1  182.040176   10.378720    -19.7     1.871E+10    3289.0     59.0                    
NGC4143  1  182.400360   42.534218    -20.2     3.606E+10    1351.8    216.8                    
NGC4150  1  182.640228   30.401487    -18.7     7.194E+09    1243.6     88.1                    
NGC4168  1  183.071808   13.205354    -21.1     1.489E+11    5158.6    174.2                    
NGC4179  1  183.217087    1.299673    -20.3     5.070E+10    1531.3    183.7                    
NGC4191  1  183.459915    7.200842    -20.2     3.793E+10    2721.8    134.0                    
NGC4203  1  183.770935   33.197243    -20.5     4.009E+10    2740.9    159.2                    
NGC4215  1  183.977142    6.401132    -20.5     5.188E+10    2264.0    140.3                    
NGC4233  1  184.282043    7.624434    -21.0     9.162E+10    2635.0    217.3                    
NGC4249  1  184.497650    5.598720    -19.1     3.981E+09    2756.0     76.7                    
NGC4251  1  184.534607   28.175299    -20.8     3.724E+10    1916.9    137.1                    
NGC4255  1  184.734100    4.785923    -20.1     4.898E+10    1620.8    179.9                    
NGC4259  1  184.842468    5.376242    -19.3     7.816E+09    1455.9    114.8                    
NGC4261  1  184.846924    5.824710    -22.3     4.102E+11    6685.4    294.4                    
NGC4262  1  184.877426   14.877717    -19.7     2.999E+10     869.2    195.0                    
NGC4264  1  184.899078    5.846804    -20.1     2.606E+10    2430.0    105.0                    
NGC4267  1  184.938675   12.798356    -20.3     3.334E+10    2885.6    156.0                    
NGC4268  1  184.946762    5.283650    -20.1     4.295E+10    1952.7    156.3                    
NGC4270  1  184.955978    5.463371    -20.8     5.572E+10    2911.5    142.2                    
NGC4278  1  185.028320   29.280619    -20.9     9.572E+10    2527.5    248.3                    
NGC4281  1  185.089691    5.386430    -21.1     1.656E+11    2897.1    256.4                    
NGC4283  1  185.086609   29.310898    -18.9     1.059E+10     883.6    119.7                    
NGC4324  1  185.775726    5.250488    -19.7     1.109E+10    1524.3     93.1                    
NGC4339  1  185.895599    6.081713    -19.6     2.704E+10    2315.8    123.9                    
NGC4340  1  185.897141   16.722195    -20.1     2.818E+10    3276.4    107.2                    
NGC4342  1  185.912598    7.053936    -19.2     3.327E+10     457.1    252.9                    
NGC4346  1  185.866425   46.993881    -19.6     1.875E+10    1260.6    145.2                    
NGC4350  1  185.990891   16.693356    -20.2     4.634E+10    1265.0    199.5                    
NGC4365  1  186.117615    7.317520    -22.3     2.965E+11    6775.3    255.9                    
NGC4371  1  186.230957   11.704288    -20.5     5.035E+10    2884.2    138.7                    
NGC4374  1  186.265747   12.886960    -22.2     3.388E+11    5492.2    288.4                    
NGC4377  1  186.301285   14.762218    -19.5     1.038E+10    1253.1    145.9                    
NGC4379  1  186.311386   15.607498    -19.3     1.858E+10    1436.3    117.2                    
NGC4382  1  186.350220   18.191080    -22.2     1.807E+11    7185.0    183.7                    
NGC4387  1  186.423813   12.810359    -19.2     1.521E+10    1316.5    105.7                    
NGC4406  1  186.549225   12.945970    -22.1     3.656E+11   10136.4    216.8                    
NGC4417  1  186.710938    9.584117    -20.0     2.972E+10    1516.0    152.4                    
NGC4425  1  186.805664   12.734803    -19.2     1.384E+10    1786.7     83.4                    
NGC4429  1  186.860657   11.107540    -21.4     1.466E+11    3917.9    195.9                    
NGC4434  1  186.902832    8.154311    -19.6     1.618E+10    1580.6    130.6                    
NGC4435  1  186.918762   13.079021    -20.9     4.111E+10    1902.4    163.7                    
NGC4442  1  187.016220    9.803620    -20.7     6.561E+10    1767.1    194.1                    
NGC4452  1  187.180420   11.755000    -19.0     1.820E+10    1366.8     59.0                    
NGC4458  1  187.239716   13.241916    -18.9     9.226E+09    1707.7    107.6                    
NGC4459  1  187.250107   13.978580    -21.0     6.998E+10    3360.5    178.6                    
NGC4461  1  187.262543   13.183857    -20.2     3.396E+10    1815.8    148.9                    
NGC4472  1  187.444992    8.000410    -22.9     5.957E+11    8661.1    288.4                    
NGC4473  1  187.453659   13.429320    -20.9     6.124E+10    2204.3    193.6                    
NGC4474  1  187.473099   14.068673    -19.4     1.469E+10    1617.0     92.0                    
NGC4476  1  187.496170   12.348669    -18.9     7.261E+09    1422.6     71.4                    
NGC4477  1  187.509048   13.636443    -20.8     6.668E+10    3516.1    171.4                    
NGC4478  1  187.572662   12.328578    -19.9     3.707E+10    1300.2    144.5                    
NGC4483  1  187.669250    9.015665    -18.9     9.550E+09    1459.8     92.5                    
NGC4486  1  187.705933   12.391100    -22.5     4.831E+11    6578.1    314.1                    
NGC4486A  1  187.740540   12.270361    -18.9     1.552E+10     763.9    143.2                    
NGC4489  1  187.717667   16.758696    -18.7     2.477E+09    1694.7     64.9                    
NGC4494  1  187.850143   25.774981    -21.2     8.035E+10    3764.3    154.2                    
NGC4503  1  188.025803   11.176434    -20.3     4.875E+10    2249.4    147.9                    
NGC4521  1  188.198853   63.939293    -21.0     1.104E+11    2833.8    176.6                    
NGC4526  1  188.512619    7.699140    -21.7     1.750E+11    3239.1    235.0                    
NGC4528  1  188.525269   11.321266    -19.1     1.318E+10     887.6    110.7                    
NGC4546  1  188.872940   -3.793227    -20.4     5.728E+10    1476.7    221.3                    
NGC4550  1  188.877548   12.220955    -19.4     1.687E+10    1177.4     94.2                    
NGC4551  1  188.908249   12.264010    -19.3     1.828E+10    1344.0     99.5                    
NGC4552  1  188.916183   12.556040    -21.4     1.361E+11    3142.2    261.8                    
NGC4564  1  189.112473   11.439320    -20.2     3.707E+10    1486.7    174.2                    
NGC4570  1  189.222504    7.246663    -20.6     4.436E+10    1484.5    191.0                    
NGC4578  1  189.377274    9.555121    -19.8     2.113E+10    2622.8    110.4                    
NGC4596  1  189.983063   10.176031    -20.7     7.499E+10    4295.9    151.0                    
NGC4608  1  190.305374   10.155793    -20.0     4.150E+10    3707.3    137.7                    
NGC4612  1  190.386490    7.314782    -19.6     1.072E+10    2315.7     85.9                    
NGC4621  1  190.509674   11.646930    -21.2     1.297E+11    3219.3    223.9                    
NGC4623  1  190.544601    7.676934    -18.8     6.637E+09    1742.3     68.4                    
NGC4624  1  191.274826    3.055684    -20.8     6.531E+10    4688.8    143.2                    
NGC4636  1  190.707779    2.687780    -21.5     1.905E+11    6500.0    199.5                    
NGC4638  1  190.697632   11.442459    -20.1     2.355E+10    1246.3    120.2                    
NGC4643  1  190.833893    1.978399    -20.8     6.998E+10    2871.2    152.8                    
NGC4649  1  190.916702   11.552610    -22.5     4.519E+11    6421.3    314.8                    
NGC4660  1  191.133209   11.190533    -19.8     2.582E+10     939.0    217.8                    
NGC4684  1  191.822861   -2.727538    -19.3     8.433E+09    1326.9     68.7                    
NGC4690  1  191.981323   -1.655975    -20.0     4.169E+10    3800.1    112.7                    
NGC4694  1  192.062881   10.983624    -19.2     7.962E+09    2404.7     61.9                    
NGC4697  1  192.149612   -5.800850    -21.0     1.167E+11    3921.7    180.7                    
NGC4710  1  192.412323   15.165490    -20.6     5.741E+10    2570.7    105.0                    
NGC4733  1  192.778259   10.912103    -18.9     7.516E+09    2517.3     56.2                    
NGC4753  1  193.092133   -1.199690    -22.2     2.009E+11    6418.2    183.2                    
NGC4754  1  193.073181   11.313660    -20.7     5.346E+10    2390.0    179.5                    
NGC4762  1  193.233536   11.230800    -21.6     9.120E+10    3843.1    134.6                    
NGC5173  1  202.105301   46.591572    -20.0     1.832E+10    2088.8    101.2                    
NGC5198  1  202.547546   46.670830    -21.2     1.538E+11    4367.9    201.4                    
NGC5273  1  205.534943   35.654240    -19.5     9.528E+09    2967.6     74.1                    
NGC5308  1  206.751633   60.973038    -21.2     1.222E+11    2264.0    237.7                    
NGC5322  1  207.313339   60.190411    -22.4     3.006E+11    6501.6    248.3                    
NGC5342  1  207.857910   59.863014    -19.7     2.729E+10    1267.1    179.5                    
NGC5353  1  208.361420   40.283123    -22.2     2.716E+11    3236.8    289.7                    
NGC5355  1  208.439850   40.338795    -19.5     9.817E+09    1985.9     82.8                    
NGC5358  1  208.501801   40.277420    -19.1     1.189E+10    1586.2     76.9                    
NGC5379  1  208.893112   59.742825    -19.2     7.311E+09    2527.5     69.2                    
NGC5422  1  210.175262   55.164478    -20.8     6.823E+10    2661.5    174.6                    
NGC5473  1  211.180176   54.892620    -21.3     8.222E+10    3611.7    214.8                    
NGC5481  1  211.671722   50.723320    -19.8     4.102E+10    2787.4    149.3                    
NGC5485  1  211.797134   55.001518    -20.7     1.033E+11    3531.6    179.1                    
NGC5493  1  212.872421   -5.043663    -21.6     6.295E+10    2725.2    161.4                    
NGC5500  1  212.563522   48.546066    -19.0     1.849E+10    2504.0     82.2                    
NGC5507  1  213.332825   -3.148860    -20.3     4.093E+10    1653.6    208.9                    
NGC5557  1  214.607117   36.493690    -22.0     2.138E+11    5289.4    254.7                    
NGC5574  1  215.233109    3.237995    -19.4     1.211E+10    1482.7     76.7                    
NGC5576  1  215.265381    3.271049    -21.2     7.586E+10    3373.1    185.8                    
NGC5582  1  215.179703   39.693584    -20.4     5.483E+10    3882.0    151.4                    
NGC5611  1  216.019897   33.047501    -19.3     2.009E+10    1025.0    131.8                    
NGC5631  1  216.638687   56.582664    -20.8     6.934E+10    3349.2    161.1                    
NGC5638  1  217.418289    3.233443    -20.9     8.072E+10    3538.5    159.2                    
NGC5687  1  218.718201   54.475685    -20.3     8.472E+10    3468.5    190.5                    
NGC5770  1  223.312653    3.959721    -19.2     8.531E+09    1438.0     97.3                    
NGC5813  1  225.296936    1.701970    -22.2     2.606E+11    8093.2    225.9                    
NGC5831  1  226.029266    1.219917    -20.8     6.501E+10    3533.3    166.0                    
NGC5838  1  226.359467    2.099356    -21.2     1.439E+11    2500.5    276.1                    
NGC5839  1  226.364471    1.634633    -19.6     2.606E+10    1923.1    161.4                    
NGC5845  1  226.503281    1.633824    -20.0     3.069E+10     620.8    269.8                    
NGC5846  1  226.621887    1.605637    -22.1     3.228E+11    6956.5    231.7                    
NGC5854  1  226.948853    2.568560    -20.4     2.404E+10    2013.1    115.1                    
NGC5864  1  227.389786    3.052741    -20.7     5.082E+10    2697.6    119.9                    
NGC5866  1  226.623169   55.763309    -21.1     9.977E+10    2759.1    160.3                    
NGC5869  1  227.456055    0.469967    -20.4     6.067E+10    2659.3    182.0                    
NGC6014  1  238.989105    5.931838    -20.1     2.280E+10    4087.5     89.7                    
NGC6017  1  239.314529    5.998364    -19.6     1.517E+10    1174.8    109.9                    
NGC6149  1  246.851151   19.597290    -19.7     1.574E+10    1973.0    107.4                    
NGC6278  1  255.209763   23.010956    -21.3     8.913E+10    2931.1    217.8                    
NGC6547  1  271.291748   25.232645    -20.7     6.776E+10    2085.6    192.8                    
NGC6548  1  271.496826   18.587217    -20.3     5.875E+10    3888.9    173.8                    
NGC6703  1  281.828522   45.550648    -20.9     9.441E+10    3836.0    182.0                    
NGC6798  1  291.013306   53.624752    -20.6     3.908E+10    2252.2    137.1                    
NGC7280  1  336.614899   16.148266    -19.9     1.816E+10    2462.2    115.1                    
NGC7332  1  339.352173   23.798351    -20.8     3.083E+10    1697.5    139.0                    
NGC7454  1  345.277130   16.388371    -20.1     3.690E+10    2691.9    111.9                    
NGC7457  1  345.249725   30.144892    -19.5     9.419E+09    2345.1     74.8                    
NGC7465  1  345.503967   15.964876    -19.9     1.445E+10    1307.5     93.5                    
NGC7693  1  353.293671   -1.292010    -18.7     9.886E+09    2121.2     65.5                    
NGC7710  1  353.942261   -2.880941    -19.1     1.148E+10    1002.4    104.5                    
PGC016060  1   72.143387   -3.867104    -19.7     2.793E+10    1596.1     98.2                    
PGC035754  1  173.614716   33.178913    -19.0     1.718E+10    1654.4    116.7                    
PGC042549  1  190.316513   -5.009177    -19.8     1.690E+10    1645.0    100.9                    
PGC054452  1  228.894180    2.248187    -18.7     6.918E+09    1889.7     65.8                    
PGC056772  1  240.548340    7.085953    -19.1     1.750E+10    1837.3     82.4                    
PGC170172  1  176.731720   -5.187745    -19.0     4.677E+09    1230.1    104.7                    
UGC03960  1  115.094856   23.275089    -19.0     2.404E+10    3521.4     88.3                    
UGC04551  1  131.024582   49.793968    -20.0     3.436E+10    1083.3    184.1                    
UGC05408  1  150.966095   59.436138    -19.1     7.063E+09    1292.5     83.0                    
UGC06062  1  164.656662    9.050468    -19.9     3.112E+10    1955.6    143.2                    
UGC06176  1  166.852753   21.657185    -19.8     1.208E+10    1891.1    110.9                    
UGC08876  1  209.241943   45.973179    -19.5     2.793E+10    1124.0    141.9                    
UGC09519  1  221.588028   34.370651    -19.1     1.040E+10     991.9     98.2                    
LEDA074886  2   55.180000  -18.645278    -16.8     9.888E+08    1130.0	 22.9			
PGC032348  2  162.223750   14.124444    -15.1     5.958E+07     638.0	 15.4		 
VCC0021  2  182.596208   10.188544    -16.6     2.265E+08     922.6	 26.1		 
VCC0178  2  184.037750   12.691300    -16.1     4.122E+08     696.8	 50.0		 
VCC0308  2  184.712042    7.861889    -17.6     7.854E+08    1465.6	 31.7		 
VCC0389  2  185.013708   14.961522    -17.2     1.497E+09     873.0	 23.0		 
VCC0437  2  185.203417   17.487064    -17.2     1.035E+09    2010.2	 47.0		 
VCC0452  2  185.269583   11.755000    -15.8     2.066E+08     627.0	 23.8		 
VCC0490  2  185.411625   15.745125    -17.4     2.372E+09    1393.6	 34.0		 
VCC0523  2  185.517125   12.787483    -17.9     1.973E+09    1811.3	 45.8		 
VCC0543  2  185.581375   14.760781    -17.2     1.035E+09    1433.6	 48.0		 
VCC0545  2  185.581708   15.733578    -16.0     4.122E+08     760.8	 31.0		 
VCC0634  2  185.833458   15.820378    -17.2     1.429E+09    1329.5	 26.0		 
VCC745/NGC4366  2  186.195833    7.352778    -16.4     1.718E+09     808.0	 44.7		 
VCC0846  2  186.460417   13.197778    -15.3     1.799E+08    1019.0	 19.0		 
VCC0856  2  186.491375   10.053767    -17.2     1.084E+09    1177.3	 31.0		 
VCC0917/IC3344  2  186.635000   13.578611    -17.2     5.434E+08     787.0	 41.0		 
VCC0940/IC3349  2  186.696250   12.454167    -16.3     1.035E+09    1124.0	 32.4		 
VCC0965  2  186.762792   12.560817    -16.0     2.986E+08    1105.2	 34.0		 
VCC0990  2  186.820583   16.024467    -17.0     9.888E+08     776.9	 53.0		 
VCC1010  2  186.864083   12.290286    -17.8     3.759E+09    1834.0	 43.0		 
VCC1036  2  186.921833   12.315900    -17.9     2.723E+09    1169.3	 53.0		 
VCC1073/IC794  2  187.035833   12.093333    -17.2     2.723E+09     724.0	 45.6		 
VCC1075  2  187.051333   10.297658    -16.7     8.612E+08    1169.3	 53.0		 
VCC1087  2  187.062000   11.789828    -17.5     2.484E+09    1513.7	 63.0		 
VCC1087/IC3381  2  187.062917   11.789722    -16.8     2.066E+09    1168.0	 38.7		 
VCC1122  2  187.173792   12.915917    -16.7     5.690E+08     913.0	 40.0		 
VCC1183  2  187.343792   11.433886    -17.6     2.163E+09     840.9	 56.0		 
VCC1250  2  187.496167   12.348656    -18.9     6.533E+09    1297.4	 79.0		 
VCC1254  2  187.522083    8.074722    -16.5     6.841E+08     949.0	 31.0		 
CC1261/NGC4482  2  187.543333   10.779444    -17.5     3.759E+09     589.0	 45.4		 
VCC1308/IC3437  2  187.690833   11.342778    -15.7     4.316E+08     764.0	 33.2		 
VCC1407  2  188.011250   11.890000    -16.4     2.484E+08     902.0	 25.5		 
VCC1422  2  188.059208   10.251461    -18.0     2.986E+09    1545.7	 44.0		 
VCC1431  2  188.097458   11.262969    -17.3     1.303E+09     781.6	 54.1		 
VCC1491  2  188.308375   12.857822    -16.4     8.224E+08     816.9	 47.0		 
VCC1545  2  188.548083   12.048964    -17.1     1.799E+09     897.0	 59.0		 
VCC1549  2  188.561708   11.071525    -16.9     1.303E+09     935.4	 38.9		 
VCC1577/IC3519  2  188.660000   15.602778    -15.9     1.973E+08     689.0	 26.0		 
VCC1695  2  189.228542   12.520075    -17.4     3.274E+08    1717.9	 28.7		 
VCC1743  2  189.528292   10.082356    -15.9     2.852E+08     832.9	 44.0		 
VCC1826  2  190.046667    9.896111    -15.9     9.018E+07     542.0	 22.3		 
VCC1857  2  190.221333   10.475364    -16.4     2.484E+08    1665.9	 46.0		 
VCC1861  2  190.244000   11.184486    -17.3     1.884E+09    1492.8	 40.4		 
VCC1871  2  190.315542   11.387244    -17.6     3.127E+09     552.6	 68.0		 
VCC1876/IC3658  2  190.335000   14.700556    -16.5     5.958E+08     682.0	 26.7		 
VCC1910  2  190.536083   11.754286    -17.4     2.601E+09    1044.7	 39.0		 
VCC2019  2  191.335083   13.692661    -17.0     9.888E+08    1233.4	 44.0		 
VCC2048  2  191.813750   10.203583    -18.0     3.428E+09    1009.1	 33.0		 
VCC2050  2  191.836000   12.166428    -16.4     5.189E+08     865.0	 32.0		 
CanisMajor  3  108.145833  -27.666667    -14.4     4.900E+07     210.0	 20.0		 
SagittariusdSph  3  283.831250  -30.545278    -13.5     2.100E+07    2587.0	 11.4		 
SegueI  3  151.766667   16.081944     -1.5     3.400E+02	29.0	  3.9		 
UrsaMajorII  3  132.875000   63.130000     -4.2     4.100E+03     149.0	  6.7		 
BootesII  3  209.500000   12.850000     -2.7     1.000E+03	51.0	 10.5		 
SegueII  3   34.816667   20.175278     -2.5     8.600E+02	35.0	  3.4		 
Willman1  3  162.337500   51.050000     -2.7     1.000E+03	25.0	  4.3		 
ComaBerenices  3  186.745833   23.904167     -4.1     3.700E+03	77.0	  4.6		 
BootesIII  3  209.300000   26.800000     -5.8     1.700E+04    1360.0	 14.0		 
BootesI  3  210.025000   14.500000     -6.3     2.900E+04     242.0	  2.4 
Draco  3  260.051667   57.915278     -8.8     2.900E+05     221.0	  9.1 
UrsaMinor  3  227.285417   67.222500     -8.8     2.900E+05     181.0	  9.5 
Sculptor  3   15.039167  -33.709167    -11.1     2.300E+06     283.0	  9.2 
SextansI  3  153.262500   -1.614722     -9.3     4.400E+05     695.0	  7.9 
UrsaMajorI  3  158.720000   51.920000     -5.5     1.400E+04     319.0	  7.6 
Carina  3  100.402917  -50.966111     -9.1     3.800E+05     250.0	  6.6 
Hercules  3  247.758333   12.791667     -6.6     3.700E+04     330.0	  3.7 
Fornax  3   39.997083  -34.449167    -13.4     2.000E+07     710.0	 11.7 
LeoIV  3  173.237500    0.533333     -5.8     1.900E+04     206.0	  3.3 
CanesVenaticiII  3  194.291667   34.320833     -4.9     7.900E+03	74.0	  4.6 
LeoV  3  172.790000    2.220000     -5.2     1.100E+04     135.0	  3.7 
PiscesII  3  344.629167    5.952500     -5.0     8.600E+03	58.0   nan 
CanesVenaticiI  3  202.014583   33.555833     -8.6     2.300E+05     564.0	  7.6 
LeoII  3  168.370000   22.151667     -9.8     7.400E+05     176.0	  6.6 
LeoI  3  152.117083   12.306389    -12.0     5.500E+06     251.0	  9.2 
AndromedaIX  3   13.220833   43.195833     -8.1     1.500E+05     557.0	 10.9 
AndromedaI  3   11.415833   38.041111    -11.9     3.900E+06     672.0	 10.2 
AndromedaXVII  3    9.279167   44.322222     -8.5     2.600E+05     286.0	  2.9 
AndromedaXXVII  3    9.362917   45.386944     -7.9     1.200E+05     434.0	 14.8 
AndromedaIII  3    8.890833   36.497778    -10.2     8.300E+05     479.0	  9.3 
AndromedaXXV  3    7.537083   46.851944     -9.7     6.800E+05     709.0	  3.0 
AndromedaXXVI  3    5.940000   47.916111     -7.1     6.000E+04     222.0	  8.6 
AndromedaV  3   17.571250   47.628056     -9.5     3.900E+05     315.0	 11.5 
AndromedaXI  3   11.583333   33.801389     -6.8     4.900E+04     157.0	  4.6 
AndromedaXIX  3    4.883750   35.043611     -9.0     4.300E+05    1479.5	  4.7 
AndromedaXXIII  3   22.340833   38.718889    -10.2     1.100E+06    1029.0	  7.1 
AndromedaXX  3    1.877917   35.132222     -6.1     2.900E+04     124.0	  7.1 
AndromedaXIII  3   12.962500   33.004444     -6.5     4.100E+04     207.0	  5.8 
AndromedaX  3   16.640417   44.804444     -7.5     9.600E+04     265.0	  6.4 
AndromedaXXI  3  358.698750   42.470833     -9.8     7.600E+05     875.0	  4.5 
AndromedaXIV  3   12.895833   29.696944     -8.6     2.000E+05     363.0	  5.3 
AndromedaXII  3   11.862500   34.374722     -6.5     3.100E+04     304.0	  2.6 
AndromedaXV  3   18.577917   38.117500     -9.4     4.900E+05     222.0	  4.0 
AndromedaII  3   19.124167   33.419167    -12.6     7.600E+06    1176.0	  7.8 
AndromedaXXIX  3  359.731667   30.755556     -8.3     1.800E+05     361.0   nan  
AndromedaXXIV  3   19.625000   46.366111     -7.6     9.300E+04     367.0   nan  
AndromedaVII  3  351.632083   50.675833    -13.2     9.500E+06     776.0	 13.0 
AndromedaVI  3  357.942917   24.582500    -11.5     2.800E+06     524.0	 12.4 
AndromedaXXII  3   21.916667   28.090278     -6.8     3.400E+04     217.0	  2.8 
AndromedaXVI  3   14.874167   32.376667     -9.0     4.100E+05     136.0	  3.8 
AndromedaXXVIII  3  338.171667   31.216111     -8.5     2.100E+05     213.0	  6.6 
Cetus  3    6.545833  -11.044444    -11.3     2.600E+06     703.0	 17.0 
PegasusdIrr  3  352.151250   14.743056    -12.2     6.610E+06     562.0   nan  
LeoT  3  143.722500   17.051389     -8.0     1.400E+05     120.0	  7.5 
AndromedaXVIII  3    0.560417   45.088889     -9.4     6.300E+05     363.0	  9.7 
Aquarius  3  311.715833  -12.848056    -10.6     1.600E+06     458.0   nan  
Tucana  3  340.456667  -64.419444     -9.5     5.600E+05     284.0	 15.8 
UGC4879  3  139.009167   52.840000    -12.5     8.300E+06     162.0	  9.4 
ESO410-G005  3    3.881667  -32.180000    -11.5     3.500E+06     280.0   nan  
KKR25  3  243.450000   54.371111    -10.9     1.400E+06     222.0   nan  
ESO294-G010  3    6.639167  -41.855278    -11.2     2.700E+06     248.0   nan  
NGC4472  4  187.444992    8.000411    -13.1     7.129E+07       6.8   nan                    
NGC4550  4  188.877550   12.220956    -14.4     2.228E+08      25.9   nan                    
NGC4474  4  187.473100   14.068672    -11.7     2.203E+07       2.8   nan                    
NGC4379  4  186.311387   15.607497    -13.2     8.433E+07      12.9   nan                    
NGC4387  4  186.423812   12.810358    -13.0     6.324E+07      16.7   nan                    
NGC4476  4  187.496171   12.348669    -11.8     2.032E+07       2.1   nan                    
NGC4551  4  188.908250   12.264011    -14.2     2.065E+08      40.1   nan                    
NGC4458  4  187.239717   13.241917    -16.1     8.913E+08      62.5   nan                    
NGC4623  4  190.544600    7.676933    -14.0     1.626E+08      47.9   nan                    
NGC4452  4  187.180454   11.755033    -10.9     3.945E+06       4.8   nan                    
NGC4479  4  187.576429   13.577467    -10.9     9.099E+06       4.2   nan                    
NGC4482  4  187.543075   10.779478    -11.9     1.349E+07       3.1   nan                    
NGC4352  4  186.020921   11.218025    -11.5     1.091E+07       3.3   nan                    
IC3468  4  188.059204   10.251542    -11.2     6.950E+06       2.9   nan                    
IC3773  4  191.813600   10.203444    -10.0     2.009E+06       2.7   nan                    
IC3653  4  190.315504   11.387181    -12.7     2.891E+07       9.3   nan                    
IC809  4  190.536088   11.754433    -11.6     9.572E+06       3.0   nan                    
IC3328  4  186.491517   10.053714    -12.4     1.888E+07      12.6   nan                    
IC3065  4  183.802263   14.432850     -9.3     8.433E+05       2.1   nan                    
IC3442  4  187.834129   14.115186    -10.3     2.377E+06       3.2   nan                    
IC3381  4  187.061892   11.789914    -11.3     8.531E+06       2.2   nan                    
IC3652  4  190.244108   11.184408    -11.3     5.984E+06      10.3   nan                    
UGC7436  4  185.581375   14.760586     -8.9     1.050E+06      14.1   nan                    
IC3470  4  188.097304   11.263211    -11.8     1.014E+07      18.9   nan                    
UGC7399A  4  185.203154   17.487261    -11.4     6.324E+06       6.9   nan                    
IC3735  4  191.334900   13.692706    -11.1     5.495E+06       2.6   nan                    
IC3032  4  182.782350   14.275047     -9.2     7.762E+05       2.6   nan                    
VCC200  4  184.140379   13.031244     -8.5     4.188E+05       3.6   nan                    
IC3509  4  188.548188   12.048858     -9.5     1.132E+06       3.5   nan                    
NGC4467  4  187.376113    7.992950    -12.3     1.875E+07       9.7   nan                    
IC3383  4  187.051546   10.297692    -10.3     2.265E+06       3.2   nan                    
VCC1627  4  188.905137   12.382067    -12.7     3.828E+07      15.8   nan                    
IC798  4  188.139158   15.415494    -11.8     1.349E+07       4.8   nan                    
IC3103  4  184.368552    9.360451    -11.1     5.284E+06       2.8   nan                    
IC3779  4  191.834504   12.166550     -9.0     6.855E+05       5.6   nan                    
IC3292  4  186.201538   18.195078    -10.2     2.178E+06       3.2   nan                    
IC3635  4  190.055558   12.874994     -9.9     1.589E+06       4.7   nan                    
NGC4309A  4  185.561250    7.167167    -10.1     2.301E+06       2.5   nan                    
IC3461  4  188.011446   11.889767    -11.0     4.325E+06      10.9   nan                    
VCC1886  4  190.414217   12.247397     -9.3     9.683E+05       3.1   nan                    
VCC1199  4  187.395767    8.057947    -11.7     1.396E+07       5.5   nan                    
VCC1539  4  188.528079   12.741597    -10.5     3.069E+06      19.9   nan                    
VCC1185  4  187.348067   12.450561    -10.5     2.723E+06       4.3   nan                    
IC3490  4  188.307925   10.928536     -9.0     6.237E+05       4.4   nan                    
VCC1661  4  189.103254   10.384653    -11.1     5.082E+06       6.4   nan                    
UGC06983  4  179.786392   52.707786    -10.0     1.603E+06       2.3   nan                    
ESO358-5  4   51.819208  -33.486111    -10.5     2.477E+06       4.5   nan                    
NGC0300  4   13.722829  -37.684381     -9.8     3.170E+06       2.9   nan                    
NGC0428  4   18.232121    0.981581    -11.8     1.871E+07       3.4   nan                    
NGC0450  4   18.876958   -0.860828    -12.4     7.762E+06      24.3   nan                    
NGC1493  4   59.364092  -46.210739    -12.4     1.074E+07       2.6   nan                    
NGC2552  4  124.831583   50.005778    -11.1     4.256E+06       2.2   nan                    
NGC2805  4  140.085021   64.102767    -12.6     1.297E+07       7.6   nan                    
NGC3346  4  160.912033   14.871983    -10.8     3.767E+06       1.8   nan                    
NGC3423  4  162.809754    5.840100    -11.1     3.296E+06       4.2   nan                    
NGC3445  4  163.647779   56.990686    -12.4     1.820E+07       3.7   nan                    
NGC4411b  4  186.696733    8.884567    -12.4     8.472E+06       9.0   nan                    
NGC4625  4  190.469587   41.273719    -10.8     1.854E+06      28.8   nan                    
NGC4701  4  192.298171    3.388728    -13.0     1.592E+07       2.4   nan                    
NGC4775  4  193.440446   -6.622147    -13.5     2.466E+07       4.2   nan                    
NGC5068  4  199.728363  -21.039100    -10.3     5.117E+06       7.5   nan                    
NGC5585  4  214.950850   56.729050    -10.8     2.244E+06       3.3   nan                    
NGC5668  4  218.351379    4.450486    -12.3     1.052E+07       4.4   nan                    
NGC5964  4  234.401583    5.973583    -11.5     1.019E+07       5.0   nan                    
NGC6509  4  269.855287    6.287067    -11.9     1.600E+07       2.8   nan                    
UGC3574  4  103.293571   57.177761    -11.1     3.741E+06       7.7   nan                    
UGC12732  4  355.166500   26.236056    -10.1     3.381E+06       3.9   nan                    
NGC104  5    6.022329  -72.081444     -9.4     1.122E+06       4.1     11.0                    
NGC288  5   13.188500  -26.582611     -6.8     7.079E+04       5.7      2.9                    
NGC362  5   15.809417  -70.848778     -8.4     3.388E+05       2.0      6.4                    
NGC1261  5   48.067542  -55.216222     -7.8     1.585E+05       3.3   nan                    
Pal1  5   53.333500   79.581056     -2.5     4.677E+03       1.4   nan                    
AM1  5   58.761250  -49.614444     -4.7     1.096E+04      17.6   nan                    
Pal2  5   71.524625   31.381500     -8.0     7.079E+05       2.6   nan                    
NGC1851  5   78.528167  -40.046556     -8.3     3.090E+05       1.8     10.4                    
NGC1904  5   81.044125  -24.524250     -7.9     1.585E+05       2.4      5.3                    
NGC2298  5  102.247542  -36.005306     -6.3     3.090E+04       2.4   nan                    
NGC2419  5  114.535458   38.881917     -9.4     8.913E+05      19.9      4.0                    
NGC2808  5  138.012917  -64.863500     -9.4     8.511E+05       2.2     13.4                    
Pal3  5  151.379000    0.070944     -5.7     4.467E+04      17.4   nan                    
NGC3201  5  154.403417  -46.412472     -7.4     1.096E+05       3.9      5.0                    
Pal4  5  172.320000   28.973611     -3.1     3.802E+04      16.3   nan                    
NGC4147  5  182.525621   18.542161     -6.2     4.571E+04       2.7      2.6                    
NGC4590  5  189.866583  -26.744056     -7.4     9.120E+04       4.5      2.5                    
NGC5024  5  198.230208   18.168167     -8.7     4.467E+05       6.8      4.4                    
NGC5053  5  199.112875   17.700250     -6.8     6.310E+04      12.4      1.4                    
NGC5139  5  201.697000  -47.479472    -10.3     2.344E+06       7.7     16.8                    
NGC5272  5  205.548417   28.377278     -8.9     3.802E+05       7.0      5.5                    
NGC5286  5  206.611708  -51.374250     -8.7     4.467E+05       2.3      8.1                    
NGC5466  5  211.363708   28.534444     -7.0     5.888E+04      10.6      1.7                    
NGC5634  5  217.405333   -5.976417     -7.7     1.380E+05       6.3   nan                    
NGC5694  5  219.902167  -26.538333     -7.8     2.138E+05       4.0      5.8                    
IC4499  5  225.077375  -82.213778     -7.3     1.259E+05       9.4      2.5                    
NGC5824  5  225.994217  -33.068528     -8.9     6.457E+05       4.2     11.6                    
Pal5  5  229.022083   -0.111389     -5.2     1.479E+04      18.4      1.1                    
NGC5897  5  229.351667  -21.010111     -7.2     1.023E+05       7.4   nan                    
NGC5904  5  229.638417    2.081028     -8.8     4.467E+05       3.9      5.5                    
NGC5986  5  236.512500  -37.786417     -8.4     2.818E+05       3.0   nan                    
Pal14  5  242.745833   14.961667     -4.8     1.230E+04      25.1      0.4                    
NGC6093  5  244.260042  -22.976083     -8.2     2.754E+05       1.8     12.4                    
NGC6121  5  245.896750  -26.525750     -7.2     1.122E+05       2.8      4.0                    
NGC6101  5  246.450500  -72.202194     -6.9     5.754E+04       4.7   nan                    
NGC6139  5  246.916613  -38.849175     -8.4     3.236E+05       2.5   nan                    
NGC6171  5  248.132750  -13.053778     -7.1     7.943E+04       3.2      4.1                    
NGC6205  5  250.423475   36.461319     -8.6     3.715E+05       3.8      7.1                    
NGC6229  5  251.744338   47.526772     -8.1     2.291E+05       3.2   nan                    
NGC6218  5  251.809083   -1.948528     -7.3     8.913E+04       2.5      4.5                    
NGC6235  5  253.355667  -22.177444     -6.3     6.918E+04       3.3   nan                    
NGC6254  5  254.287708   -4.100306     -7.5     1.514E+05       2.5      6.6                    
NGC6266  5  255.302500  -30.112361     -9.2     7.244E+05       1.8     14.3                    
NGC6273  5  255.657042  -26.267944     -9.1     6.918E+05       3.3   nan                    
NGC6287  5  256.289458  -22.707889     -7.4     1.148E+05       2.0   nan                    
NGC6316  5  259.155917  -28.140000     -8.3     2.344E+05       2.1   nan                    
NGC6341  5  259.280792   43.135944     -8.2     2.692E+05       2.4      6.0                    
NGC6333  5  259.799083  -18.516250     -7.9     2.138E+05       2.2   nan                    
NGC6356  5  260.895792  -17.813028     -8.5     5.888E+05       3.6   nan                    
NGC6366  5  261.934333   -5.079861     -5.7     6.026E+04       3.1      1.3                    
NGC6362  5  262.979125  -67.048333     -6.9     1.072E+05       4.5      2.8                    
NGC6388  5  264.072754  -44.735650     -9.4     1.047E+06       1.5     18.9                    
NGC6402  5  264.400625   -3.245917     -9.1     6.310E+05       3.5   nan                    
NGC6440  5  267.219458  -20.359583     -8.8     5.888E+05       1.2   nan                    
NGC6441  5  267.554417  -37.051444     -9.6     1.445E+06       2.0     18.0                    
NGC6496  5  269.765333  -44.265944     -7.2     5.754E+04       3.4   nan                    
NGC6535  5  270.960458   -0.297639     -4.8     3.388E+03       1.7      2.4                    
NGC6528  5  271.206708  -30.055778     -6.6     1.202E+05       0.9   nan                    
NGC6539  5  271.207250   -7.585861     -8.3     3.020E+05       4.2   nan                    
NGC6541  5  272.009833  -43.714889     -8.5     2.089E+05       2.2      8.2                    
NGC6553  5  272.315333  -25.907750     -7.8     3.162E+05       1.8   nan                    
IC1276  5  272.684417   -7.207583     -6.7     1.259E+05       3.7   nan                    
NGC6569  5  273.412000  -31.826444     -8.3     2.818E+05       2.5   nan                    
NGC6584  5  274.656667  -52.215778     -7.7     1.047E+05       2.8   nan                    
NGC6638  5  277.734375  -25.496417     -7.1     1.318E+05       1.4   nan                    
NGC6637  5  277.846250  -32.348083     -7.6     2.455E+05       2.2   nan                    
NGC6652  5  278.940125  -32.990722     -6.7     5.754E+04       1.4   nan                    
NGC6656  5  279.099750  -23.904750     -8.5     3.631E+05       3.1      7.8                    
NGC6712  5  283.268000   -8.705972     -7.5     1.698E+05       2.7      4.3                    
NGC6715  5  283.763875  -30.479861    -10.0     1.950E+06       6.4     10.5                    
NGC6723  5  284.888125  -36.632250     -7.8     1.905E+05       3.9   nan                    
NGC6760  5  287.800250    1.030472     -7.8     2.754E+05       2.7   nan                    
NGC6779  5  289.148208   30.183472     -7.4     1.479E+05       3.2      4.0                    
Terzan7  5  289.433000  -34.657722     -5.0     5.495E+04       5.2   nan                    
Pal10  5  289.508750   18.571667     -5.8     5.495E+05       4.2   nan                    
NGC6809  5  294.998792  -30.964750     -7.6     9.772E+04       4.4      4.0                    
Pal11  5  296.310000   -8.007222     -6.9     5.012E+05       5.5   nan                    
NGC6864  5  301.520171  -21.922261     -8.6     4.467E+05       2.8     10.3                    
NGC6934  5  308.547375    7.404472     -7.4     1.585E+05       3.1      5.1                    
NGC6981  5  313.365417  -12.537306     -7.0     1.000E+05       4.6   nan                    
NGC7006  5  315.372771   16.187914     -7.7     1.585E+05       5.3   nan                    
NGC7089  5  323.362583   -0.823250     -9.0     6.918E+05       3.6      8.2                    
Pal12  5  326.661833  -21.252611     -4.5     5.623E+03       9.5   nan                    
NGC7492  5  347.111167  -15.611472     -5.8     2.754E+04       8.6      1.2                    
AU010  5   10.742179   41.281242     -7.6     1.235E+05       2.0      8.0                    
B005-G052  5   10.084663   40.732864     -9.3     1.153E+06       2.3     17.3                    
B006-G058  5   10.110367   41.457419     -9.4     1.180E+06       1.9     13.2                    
B008-G060  5   10.126204   41.269092     -8.6     3.103E+05       3.2      7.6                    
B010-G062  5   10.131525   41.239594     -8.4     2.702E+05       6.7      6.7                    
B012-G064  5   10.135275   41.362286     -9.8     1.004E+06       3.6     20.4                    
B013-G065  5   10.160150   41.423256     -7.8     2.050E+05       6.5      5.0                    
B017-G070  5   10.202983   41.202003     -9.9     1.324E+06       3.1     13.2                    
B019-G072  5   10.218871   41.314836    -10.2     1.913E+06       2.7     19.3                    
B020-G073  5   10.230254   41.690350     -9.7     1.628E+06       3.2     16.9                    
B020D-G089  5   10.321825   41.135886     -8.5     2.354E+05       2.8      7.6                    
B021-G075  5   10.245837   41.094189     -8.4     3.402E+05       2.9      5.7                    
B023-G078  5   10.254946   41.229386    -11.4     6.788E+06       3.5     33.0                    
B025-G084  5   10.302337   41.007828     -8.8     3.562E+05       1.7     10.0                    
B026-G086  5   10.310646   41.411164     -7.8     2.354E+05       2.4      5.4                    
B027-G087  5   10.310525   40.930814     -9.4     7.975E+05       3.0     13.6                    
B028-G088  5   10.318679   40.984250     -8.2     2.522E+05       2.4      6.7                    
B029-G090  5   10.324342   41.006344     -8.6     6.482E+05       5.0      7.1                    
B030-G091  5   10.328025   40.954342     -9.1     6.633E+05       2.0      8.9                    
B031-G092  5   10.337167   40.984508     -7.7     2.050E+05       1.8      6.4                    
B034-G096  5   10.367138   40.897117     -9.5     1.324E+06       2.2     14.3                    
B035  5   10.385775   41.642417     -7.6     1.827E+05       1.3      6.9                    
B036  5   10.386800   41.434775     -7.9     2.147E+05       1.9      6.6                    
B037-V327  5   10.395821   41.248661    -10.7     6.335E+06       4.1     21.2                    
B038-G098  5   10.399821   41.320808     -9.2     4.283E+05       1.9     12.9                    
B039-G101  5   10.407838   41.347261    -10.1     1.591E+06       2.8     15.4                    
B042-G104  5   10.423625   41.123969    -10.7     2.050E+06       2.0     24.9                    
B045-G108  5   10.429617   41.572219     -9.2     8.351E+05       2.9     10.6                    
B045D  5   10.541158   41.354033     -6.8     7.443E+04       1.2      2.6                    
B050-G113  5   10.442779   41.538467     -8.5     3.481E+05       1.7      8.9                    
B056-G117  5   10.463150   40.961128     -7.9     4.485E+05       1.9      6.9                    
B057-G118  5   10.470138   40.867981     -7.2     9.157E+04       2.7      6.0                    
B058-G119  5   10.470867   40.786014     -9.9     1.354E+06       2.3     23.0                    
B060-G121  5   10.487525   41.087333     -8.2     2.522E+05       1.8      8.2                    
B063-G124  5   10.503633   41.485981    -10.1     2.147E+06       2.4     18.2                    
B065-G126  5   10.508062   40.670278     -8.1     2.003E+05       2.7      6.5                    
B067-G129  5   10.513204   41.073228     -7.5     1.180E+05       3.5      8.2                    
B068-G130  5   10.513363   40.980592     -9.4     1.207E+06       2.6     11.7                    
B070-G133  5   10.528721   41.132336     -8.3     1.485E+05       2.5     10.6                    
B073-G134  5   10.530487   40.989211     -8.9     7.616E+05       1.4     12.0                    
B074-G135  5   10.533504   41.722672     -8.3     2.641E+05       2.9      7.1                    
B076-G138  5   10.542704   41.089458     -8.2     2.581E+05       2.1      9.3                    
B080-G141  5   10.551538   41.316914     -9.0     5.269E+05       3.7      7.0                    
B082-G144  5   10.565983   41.020633    -11.3     4.485E+06       2.8     28.2                    
B083-G146  5   10.568500   41.755767     -8.5     1.785E+05       5.6      4.0                    
B085-G147  5   10.576008   40.665872     -8.1     2.003E+05       2.5      7.5                    
B086-G148  5   10.577721   41.233925     -9.8     9.588E+05       3.0     20.8                    
B087D  5   10.745538   41.152453     -7.3     2.300E+05       2.1      6.6                    
B088-G150  5   10.587762   41.537278    -10.5     1.705E+06       3.9     17.1                    
B090  5   10.587983   41.049350     -6.2     1.027E+05       1.8      5.7                    
B091D-D058  5   10.756025   41.504764     -9.8     1.520E+06       1.3     20.9                    
B093-G155  5   10.596392   41.362103     -8.8     4.806E+05       2.7      8.5                    
B094-G156  5   10.604346   40.954892     -9.5     1.293E+06       1.9     12.9                    
B095-G157  5   10.607750   41.093408     -9.7     1.051E+06       3.0     10.5                    
B096-G158  5   10.608667   41.320775     -9.8     1.076E+06       1.6     13.7                    
B097-G159  5   10.614396   41.425606     -8.7     4.090E+05       1.9      9.3                    
B098  5   10.614146   40.993294     -8.8     5.032E+05       1.2     11.5                    
B103-G165  5   10.623879   41.299339    -10.4     2.197E+06       2.3     18.0                    
B104-NB5  5   10.624883   41.290433     -7.6     1.004E+05       4.0      6.7                    
B107-G169  5   10.630229   41.327464     -9.3     8.546E+05       2.8     19.1                    
B109-G170  5   10.634029   41.174408     -8.5     8.351E+05       2.3      9.5                    
B110-G172  5   10.637937   41.057878     -9.6     1.555E+06       2.2     21.2                    
B111-G173  5   10.638213   41.007317     -8.3     2.300E+05       1.9     10.2                    
B112-G174  5   10.638513   41.295106     -8.3     1.101E+06       2.2     11.4                    
B114-G175  5   10.642929   41.212514     -7.5     3.997E+05       1.6      3.9                    
B115-G177  5   10.643350   41.233853     -8.7     1.324E+06       1.8     13.6                    
B116-G178  5   10.643933   41.547547     -9.9     1.293E+06       1.8     16.8                    
B117-G176  5   10.643300   40.952514     -7.8     2.765E+05       3.0     10.0                    
B119-NB14  5   10.650338   41.293164     -7.6     2.641E+05       5.1      6.6                    
B123-G182  5   10.669446   41.175919     -7.3     1.870E+05       1.8      7.4                    
B124-NB10  5   10.672667   41.256572     -9.9     3.175E+06       1.6     27.4                    
B125-G183  5   10.676083   41.091931     -8.3     3.103E+05       3.8      9.5                    
B126-G184  5   10.682004   41.211861     -7.7     1.555E+05       2.3      8.0                    
B127-G185  5   10.685408   41.244836    -10.4     3.481E+06       2.6     24.2                    
B128-G187  5   10.699150   41.187153     -8.2     3.645E+05       1.8      9.3                    
B130-G188  5   10.703596   41.497903     -9.0     4.090E+05       2.9     10.6                    
B131-G189  5   10.711671   41.285422     -9.6     1.101E+06       1.8     19.2                    
B134-G190  5   10.715325   41.234283     -8.2     3.645E+05       6.3      8.0                    
B135-G192  5   10.716596   41.518878     -9.4     7.108E+05       2.4     16.8                    
B138  5   10.731729   41.309678     -8.2     3.997E+05       0.7     11.7                    
B140-G196  5   10.744796   41.147975     -7.2     2.248E+05       3.8      4.7                    
B141-G197  5   10.747013   41.546494     -8.6     3.032E+05       3.7      8.4                    
B143-G198  5   10.748546   41.322025     -8.9     8.745E+05       1.4     13.8                    
B144  5   10.749429   41.268208     -8.4     7.443E+05       1.4     10.9                    
B146  5   10.762171   41.256253     -8.0     3.645E+05       2.5      8.9                    
B147-G199  5   10.763779   41.355981     -8.9     1.127E+06       2.3     10.8                    
B148-G200  5   10.766100   41.301311     -9.6     6.946E+05       1.9     17.0                    
B149-G201  5   10.772792   41.574197     -8.6     3.817E+05       3.8     10.3                    
B150-G203  5   10.781317   41.338750     -8.4     6.335E+05       2.1      9.3                    
B151-G205  5   10.789821   41.358886    -10.8     3.997E+06       2.9     26.9                    
B152-G207  5   10.791733   41.304386     -8.9     7.616E+05       2.3     10.3                    
B153  5   10.794254   41.247586     -9.0     7.273E+05       1.4     16.3                    
B154-G208  5   10.801896   41.268022     -8.3     3.817E+05       3.2      7.3                    
B155-G210  5   10.805842   41.057839     -6.9     1.591E+05       1.1      6.5                    
B158-G213  5   10.810025   41.122578    -10.2     2.300E+06       2.2     25.5                    
B161-G215  5   10.814233   41.190319     -8.7     4.090E+05       2.2     11.1                    
B162-G216  5   10.818375   41.401236     -7.9     3.730E+05       2.5      5.8                    
B163-G217  5   10.823500   41.462475    -10.1     2.963E+06       2.0     21.0                    
B164-V253  5   10.825683   41.208153     -7.4     1.913E+05       1.7      6.3                    
B165-G218  5   10.825900   41.181878     -8.5     2.408E+05       3.3      8.4                    
B167  5   10.838017   41.235592     -7.7     1.520E+05       1.1      8.4                    
B168  5   10.843858   41.734878     -8.4     5.392E+05       2.2     10.1                    
B169  5   10.845837   41.257042     -8.5     3.562E+05       1.6      8.0                    
B170-G221  5   10.847867   40.844875     -7.7     1.785E+05       1.7      6.0                    
B171-G222  5   10.856687   41.260314     -9.8     1.827E+06       2.2     16.9                    
B174-G226  5   10.876262   41.648931     -9.9     1.418E+06       5.1     14.9                    
B176-G227  5   10.876992   40.819694     -8.0     2.641E+05       6.0      6.4                    
B177-G228  5   10.877129   41.095092     -6.7     7.108E+04       1.2      4.9                    
B179-G230  5   10.879629   41.304067     -9.4     9.157E+05       2.7     13.3                    
B180-G231  5   10.882221   41.129542     -8.8     5.392E+05       2.1     10.5                    
B181-G232  5   10.885233   41.485314     -7.9     3.481E+05       2.2      7.3                    
B182-G233  5   10.902800   41.136711    -10.1     1.354E+06       2.6     20.0                    
B183-G234  5   10.903908   41.033981     -9.1     8.351E+05       2.6     10.3                    
B185-G235  5   10.905358   41.245433     -9.5     1.101E+06       1.9     15.2                    
B187-G237  5   10.910938   41.496347     -8.3     2.896E+05       3.1      6.5                    
B190-G241  5   10.930779   41.568267     -8.3     2.702E+05       2.2      8.1                    
B193-G244  5   10.939596   41.615967     -9.8     1.870E+06       1.9     18.5                    
B194-G243  5   10.938304   41.102425     -7.8     1.418E+05       1.7      7.7                    
B196-G246  5   10.952388   40.710239     -7.8     1.451E+05       3.3      5.0                    
B199-G248  5   10.957604   40.970806     -7.3     1.027E+05       3.1      4.8                    
B201-G250  5   10.970179   41.166078     -8.6     5.149E+05       4.9      7.3                    
B202-G251  5   10.977767   41.008992     -7.3     9.812E+04       3.0      4.8                    
B203-G252  5   10.982646   41.543114     -8.3     3.032E+05       3.4      6.4                    
B206-G257  5   10.994242   41.504992     -9.7     1.264E+06       3.1     16.0                    
B208-G259  5   11.000279   41.386567     -7.1     1.705E+05       4.5      5.2                    
B209-G261  5   11.010958   41.424047     -8.3     2.702E+05       1.4      9.2                    
B211-G262  5   11.012187   41.334611     -8.1     2.581E+05       2.5      4.6                    
B212-G263  5   11.012829   41.082297     -9.6     6.946E+05       2.9     13.1                    
B213-G264  5   11.014633   41.510736     -8.1     3.562E+05       1.7     16.2                    
B215-G266  5   11.026667   41.528775     -7.7     2.702E+05       2.9      7.8                    
B217-G269  5   11.044162   41.397511     -8.3     4.185E+05       2.4      7.9                    
B218-G272  5   11.059696   41.322033    -10.2     2.300E+06       3.2     20.0                    
B219-G271  5   11.062688   40.946492     -8.6     4.696E+05       2.2      8.8                    
B220-G275  5   11.081125   41.509625     -8.3     2.465E+05       5.2      7.1                    
B221-G276  5   11.096096   41.551761     -8.5     3.562E+05       2.9      8.0                    
B224-G279  5   11.112792   41.480475     -9.6     7.616E+05       8.5      9.9                    
B225-G280  5   11.123167   41.359797    -10.8     4.696E+06       2.2     32.0                    
B230-G283  5   11.146600   40.953408     -8.8     3.562E+05       2.1     10.4                    
B231-G285  5   11.160617   41.463089     -7.5     1.485E+05       1.3      6.9                    
B232-G286  5   11.167625   41.250117     -9.0     6.050E+05       2.4     14.3                    
B234-G290  5   11.193229   41.488269     -7.9     3.481E+05       1.5      9.2                    
B235-G297  5   11.241321   41.489922     -8.5     6.050E+05       2.1      9.1                    
B236-G298  5   11.287100   40.841306     -7.1     1.051E+05       3.1      4.0                    
B237-G299  5   11.288479   41.376250     -7.7     1.485E+05       5.7      7.1                    
B238-G301  5   11.311146   41.326917     -8.5     4.185E+05       3.5      7.5                    
B240-G302  5   11.354333   41.106158     -9.5     9.370E+05       2.8     13.7                    
B257-V219  5   10.513683   40.970536     -8.7     4.917E+05       2.6      8.3                    
B266  5   10.764696   41.675339     -7.8     1.666E+05       2.8      4.1                    
B268  5   10.779967   41.196614     -6.4     1.101E+05       0.8      5.7                    
B283-G296  5   11.230850   41.283439     -7.0     1.451E+05       3.4      3.7                    
B289-000  5    8.587008   41.797539     -8.4     3.249E+05       3.2      9.6                    
B311-G033  5    9.890521   40.520744     -9.7     1.027E+06       2.5     16.5                    
B335-V013  5   10.173721   40.641156     -8.6     3.402E+05       5.5      5.6                    
B338-G076  5   10.245292   40.596608    -10.6     2.581E+06       4.3     22.2                    
B341-G081  5   10.288150   40.598025     -8.8     4.696E+05       2.4      8.2                    
B343-G105  5   10.429592   40.206250     -8.4     3.032E+05       3.6     11.1                    
B350-G162  5   10.618508   40.414200     -8.1     2.354E+05       4.6      6.4                    
B358-G219  5   10.824421   39.820328     -9.5     7.794E+05       3.5     12.2                    
B373-G305  5   11.424383   41.759311     -9.1     1.264E+06       2.4     14.3                    
B379-G312  5   11.495158   40.708714     -8.6     7.108E+05       2.4      9.2                    
B384-G319  5   11.591400   40.283222     -9.1     8.161E+05       2.6     10.5                    
B386-G322  5   11.612567   42.031319     -9.2     8.351E+05       2.5     13.2                    
B405-G351  5   12.415842   41.591583     -9.6     1.076E+06       4.0     13.0                    
B407-G352  5   12.541483   41.683594     -8.8     7.108E+05       2.9     10.5                    
B472-D064  5   10.951758   41.448050     -9.6     1.076E+06       1.7     18.5                    
G001-MII  5    8.193900   39.577964    -10.9     4.589E+06       3.2     25.8                    
G002-MIII  5    8.390742   39.521922     -8.7     4.383E+05       3.2     11.2                    
UCD14/Firth07-11  5   54.198708  -35.809444    -11.2     4.316E+06	 6.4   nan
UCD15/Firth07-12  5   54.215417  -35.510806    -11.0     2.986E+06	11.8   nan 
UCD1/Firth07-13  5   54.263458  -35.634639    -12.3     1.973E+07	22.4	 29.0 
        UCD19  5   54.409542  -35.339056    -10.6     2.372E+06	 7.0   nan 
UCD6/FCOS2-2143  5   54.521167  -35.402667    -12.6     2.265E+07	10.3	 28.0 
UCD2/FCOS2-2111/F-1  5   54.526375  -35.483000    -12.4     1.497E+07	23.1	 22.2 
FCOS2-2153/UCDm/F-2/UCD25  5   54.527000  -35.384389    -11.5     1.429E+06	23.1	 19.9 
FCOS2-2134/F-5/UCD28  5   54.545000  -35.429500    -11.6     1.365E+07	 5.0	 25.4 
FCOS0-2023/F-34  5   54.552917  -35.482500    -10.9     4.733E+06	 4.0	 15.3 
FCOS0-2024/UCD31/F-6  5   54.568792  -35.438694    -11.2     1.799E+06	 7.3	 14.0 
FCOS0-2089/F-51  5   54.571208  -35.441889    -10.7     4.520E+06	 4.2	 20.9 
    UCD33/F-7  5   54.573375  -35.550778    -11.1     4.122E+06	11.4	 12.2 
FCOS0-2066/F-8/UCD36  5   54.596792  -35.333500    -11.4     1.122E+07       6.7     30.2 
FCOS1-2024/UCD39/F-9  5   54.606417  -35.628500    -11.4     7.854E+06	 9.1	 28.4 
FCOS0-2030/F-11  5   54.618083  -35.427306    -11.5     8.224E+06	 3.6	 23.7 
UCD41/FCOS0-2031/F-12  5   54.621000  -35.382361    -11.6     9.888E+06	10.3	 30.0 
FCOS1-2095/F-17  5   54.640917  -35.432500    -10.9     4.520E+06	 3.3	 28.0 
UCD43/FCOS1-058  5   54.663917  -35.451611    -10.9     4.316E+06	 5.8   nan 
FCOS1-2077/F-53  5   54.669000  -35.486111    -10.7     4.316E+06	 4.5	 14.5 
FCOS1-2089/F-59  5   54.703583  -35.462194    -10.5     2.601E+06	 5.7	 12.0 
UCD3/Firth07-26/FCOS1-2053/F-19  5   54.725208  -35.559333    -13.5     4.956E+07	86.5	 27.4 
UCD46/Firth07-27/FCOS1-060/F-22  5   54.823625  -35.425056    -11.4     9.018E+06	10.0	 29.1 
        UCD48  5   54.894917  -35.895611    -11.4     4.520E+06	10.9   nan 
UCD4/Firth07-29/FCOS1-2083/F-24  5   54.899583  -35.473500    -12.6     1.429E+07	29.5	 29.1 
UCD5/Firth07-31  5   54.968917  -35.073389    -12.1     6.533E+06	25.0	 22.9
UCD50/Firth07-34  5   55.082875  -35.258333    -11.0     4.520E+06	 8.7   nan
    UCD52  5   55.154625  -34.977778    -10.9     2.986E+06	 4.0   nan
    UCD53  5   55.399500  -35.916056    -11.2     4.520E+06	 9.3   nan
    H36612  5  187.485833   12.325389    -11.2     4.122E+06	14.5   nan
    VUCD1  5  187.531708   12.608639    -12.4     1.084E+07	12.1	 34.1
    S1629  5  187.610833   12.345722    -10.8     2.601E+06	26.4   nan
    S1508  5  187.630833   12.423556     -9.1     4.956E+05	42.4   nan
    H55930  5  187.639167   12.498444    -11.7     7.501E+06	28.9   nan
    S1201  5  187.674167   12.394778    -10.1     1.084E+06	29.9   nan
        S999  5  187.691292   12.417167    -11.1     2.484E+06	20.1	 25.6
    H8005  5  187.692542   12.406472    -10.8     2.372E+06	28.7	  9.1
S8006/1316_4  5  187.694167   12.406167    -10.7     2.723E+06	31.7   nan
        S928  5  187.698750   12.408556    -11.5     4.316E+06	23.2	 22.4
    VUCD2  5  187.701000   12.586417    -12.4     9.888E+06	13.1   nan
        S887  5  187.703750   12.365444    -10.2     1.884E+06	10.0   nan
S5065/1316_6  5  187.708333   12.402472    -11.1     3.274E+06	26.1   nan
        S825  5  187.712500   12.355417     -9.6     8.224E+05	13.3   nan
    H27916  5  187.715000   12.236111    -10.2     1.303E+06	13.7   nan
        S796  5  187.715833   12.348139    -10.5     1.973E+06	15.3   nan
        S723  5  187.724167   12.339389     -9.6     7.501E+05	16.9   nan
        S686  5  187.724167   12.471861    -10.7     2.163E+06	21.2   nan
        S731  5  187.724583   12.286833    -10.2     1.799E+06	24.8   nan
        S682  5  187.727917   12.339611     -9.9     9.018E+05	23.7   nan
        S672  5  187.727917   12.360639    -10.4     1.799E+06	25.9   nan
    H44905  5  187.737917   12.394389     -9.4     6.533E+05	40.0   nan
VUCD3/S547  5  187.739167   12.429111    -12.8     4.520E+07	20.0	 42.1
    H30772  5  187.742083   12.267278    -10.7     3.274E+06	 9.9   nan
        S490  5  187.747083   12.356389    -11.0     9.888E+06	 3.6	 42.1
        S477  5  187.749583   12.300306    -11.1     2.986E+06	33.5   nan
        S417  5  187.756250   12.323611    -11.8     9.018E+06	14.4	 32.9
        S348  5  187.764167   12.385000    -11.5     4.733E+06	21.4   nan
    VUCD4  5  187.768792   11.943556    -12.4     8.612E+06	23.2	 23.9
        S314  5  187.771250   12.334444    -10.9     7.163E+06	 3.2	 35.3
    S6004  5  187.792500   12.266972     -9.8     1.084E+06	40.3   nan
    VUCD5  5  187.799583   12.683667    -12.5     2.163E+07	19.2	 28.2
    H30401  5  187.827917   12.262472     -9.7     8.224E+05	10.7   nan
    VUCD6  5  187.868375   12.417583    -12.2     9.443E+06	17.4	 25.2
    VUCD7  5  187.970542   12.266528    -13.6     1.641E+07     100.6	 38.0
    VUCD8  5  188.018167   12.341861    -12.1     8.612E+06	23.5   nan
    H39168  5  188.152083   12.349194     -8.3     1.084E+06	11.0   nan
    M59cO  5  190.480542   11.667694    -13.4     7.501E+07	32.0	 28.3
    191006  5  194.886458   27.975344    -11.6     1.135E+07	 7.8   nan
    120985  5  194.900792   28.020083    -12.2     2.601E+07	42.8   nan
    121666  5  194.913167   28.019786    -12.6     3.759E+07	38.2   nan
    195526  5  194.918292   27.958583    -11.9     2.723E+07	32.5   nan
    195614  5  194.924500   27.980175    -12.1     2.066E+07	22.9   nan
    196790  5  194.937125   27.981703    -12.4     3.127E+07	22.6   nan
    182204  5  194.972792   27.982067    -11.3     9.888E+06	 8.6   nan
    242857  5  195.048375   27.922997    -12.0     1.799E+07	24.8   nan
    160141  5  195.069083   27.974144    -11.6     1.035E+07	 6.0   nan
    161244  5  195.084167   27.967231    -11.8     1.497E+07	 4.8   nan
    163341  5  195.122500   27.955506    -12.0     2.163E+07	19.5   nan
    163400  5  195.128792   27.974436    -11.0     6.841E+06	54.4   nan
    92415  5  195.134375   28.003525    -11.7     1.084E+07	22.0   nan
    163575  5  195.135875   27.986300    -12.0     1.497E+07	12.8   nan
    150880  5  195.151667   27.973408    -11.8     1.303E+07	11.0   nan
    151072  5  195.157625   27.977944    -12.9     4.316E+07	68.1   nan
    150000  5  195.166500   27.996722    -12.8     4.316E+07	24.3   nan
    81669  5  195.186125   28.029058    -11.6     8.612E+06	17.7   nan
    1041346  5  194.914167   27.977792    -13.0     2.986E+07	28.3   nan
    1039188  5  194.921667   27.953031    -12.4     2.723E+07	26.4   nan
    1041508  5  194.929375   27.979356    -11.9     1.365E+07	14.4   nan
    1042830  5  195.007500   27.994811    -12.7     2.852E+07	15.2   nan
    2000005  5  195.203250   28.019781    -12.3     9.443E+05	 6.7   nan
    1044251  5  195.209542   28.010417    -12.0     2.066E+07	32.6   nan
HGHH92-C29/GC0041  5  201.168333  -43.301083    -10.1     2.265E+06	 6.8	 19.7
HGHH92-C11/GC0077  5  201.227500  -43.023000    -10.3     3.127E+06	 7.7	 19.5
    VHH81-C3  5  201.242542  -42.936111    -10.5     3.127E+06	 4.2	 16.1
f2.GC61/GC0150  5  201.304167  -43.133306    -10.0     1.429E+06	 1.9	 19.6
    VHH81-C5  5  201.317167  -42.882833    -10.5     1.135E+06	 8.8	 15.8
HCH99-C2/GC0171  5  201.318333  -43.035194    -10.0     8.224E+05	11.2	 18.8
HGHH92-C6  5  201.342458  -43.046000    -11.0     3.590E+06	 4.3	 20.7
HCH99-C15/GC0213  5  201.374583  -43.001083    -10.5     2.986E+06	 5.7	 33.4
HCH99-C18/GC0225  5  201.381667  -43.000500    -11.0     2.852E+06	13.5	 24.1
HGHH92-C17/GC0265  5  201.415000  -42.932833    -10.6     1.429E+06	 5.6	 24.1
HGHH92-C21/GC0320  5  201.469583  -43.096278    -10.3     1.365E+06	 6.8	 23.0
HGHH92-C22/GC0326  5  201.472083  -42.985444    -10.1     9.888E+05	 3.7	 23.1
HGHH92-C23/GC0330  5  201.476250  -42.990389    -11.0     5.958E+06	 3.3	 50.0
HGHH92-C7/GC0365  5  201.521667  -42.942472    -11.0     2.265E+06	 7.4	 27.3
Sombrero-UCD1  5  190.013042  -11.667861    -12.3     1.641E+07	14.7	 31.9
NGC4649_D68  5  190.910417   11.507639    -10.8     2.372E+06	47.4   nan
NGC4649_A155  5  190.935420   11.563333     -8.8	 4.733E+05	39.5   nan			 
NGC4649_A32  5  190.938333   11.555111    -10.6     1.641E+06	36.5   nan
NGC4649_E91  5  190.885420   11.563361     -8.1     5.958E+05	16.1   nan
NGC4649_C84  5  190.925000   11.582250     -8.5     8.224E+05	15.0   nan
NGC4649_C42  5  190.891670   11.600500	-9.7	 7.501E+05	14.9   nan
NGC4649_A122  5  190.948330   11.551111     -8.3     6.533E+05      14.7   nan
NGC4649_A51  5  190.954170   11.578556     -8.8     1.189E+06	13.8   nan
NGC4649_C28  5  190.933750   11.588917     -9.9     9.443E+05      13.6   nan
NGC4649_B139  5  190.953330   11.527583     -8.8     4.316E+05      11.2   nan
NGC4649_J67  5  190.910417   11.550750    -10.7     1.718E+06	 9.8   nan
NGC4649_J623  5  190.892920   11.562694     -9.6     6.841E+05	 6.9   nan
NGC4649_B8  5  190.950833   11.534806    -11.6     9.888E+06	 5.6   nan
NGC4649_J76  5  190.912500   11.558306    -11.1     5.434E+06	 5.6   nan
NGC4649_A197  5  190.980420   11.556333     -7.6     5.690E+05       5.0   nan
        M32  5   10.674167   40.865278    -16.7     7.501E+08     113.0	 76.0
J011257.62+152821.1  5   18.240083   15.472528    -18.1     4.956E+09     560.0	 59.0
J011258.85+152855.3  5   18.245208   15.482028    -17.7     3.936E+09     430.0	 70.0
J011300.24+152921.5  5   18.251000   15.489306    -17.3     2.265E+09     330.0	 48.0
J012325.96+014236.2  5   20.858167    1.710056    -16.9     1.567E+09     310.0	 61.0
J012326.58+014230.3  5   20.860750    1.708417    -18.0     1.035E+09     440.0	 48.0
J025744.50+060202.2  5   44.435417    6.033944    -18.4     5.690E+09     420.0   nan   
    A496cE  5   68.405625  -13.255611    -18.0     4.316E+09     240.0	103.0
J091947.87+334604.8  5  139.949458   33.768000    -17.5     2.723E+09     320.0	110.0
J094729.24+141245.3  5  146.871792   14.212583    -18.5     3.274E+09     499.0	105.0
J110404.40+451618.9  5  166.018333   45.271917    -18.2     6.841E+09     390.0	 89.0
J110947.06+214648.6  5  167.448333   21.780167    -18.1     5.189E+09     490.0	 98.0
    VCC1192  5  187.375833    7.992778    -16.9     1.497E+08     377.1	 49.1
    VCC1199  5  187.395833    8.058056    -15.7     1.497E+08     166.6	 45.5
    NGC4486B  5  187.633208   12.490167    -17.8     4.520E+09     180.0	170.0
    VCC1499  5  188.332500   12.853333    -16.5     4.520E+06     429.7   nan   
    VCC1627  5  188.905000   12.381944    -16.7     1.365E+08     274.2	 47.3
J124853.91-411905.8  5  192.224625  -41.318278    -17.8     3.127E+09     340.0   nan   
J125923.41+275510.4  5  194.847542   27.919556    -17.0     1.884E+09     200.0	108.0
    CcGV19a  5  194.904917   27.972167    -16.4     9.888E+08     208.8	 76.1
    CcGV19b  5  194.913333   27.998444    -14.6     1.641E+08	99.4	 65.8	     
J125942.30+275529.0  5  194.926250   27.924722    -19.4     1.641E+10     470.0	177.0
    CcGV12  5  194.926208   28.015306    -14.1     1.245E+08     152.3	 42.2
    CcGV18  5  194.999500   27.989333    -14.7     1.718E+08     205.8	 66.3
    CcGV1  5  195.198625   28.092750    -15.0     2.723E+08     264.6	 85.2
    CcGV9a  5  195.078542   28.009278    -17.7     2.372E+09     344.1	 97.3
    CcGV9b  5  195.113792   28.009250    -15.4     4.316E+08     311.5	 25.1
    NGC5846A  5  226.621667    1.595000    -17.8     5.189E+09     520.0	183.0
NGC5846cE/J150634.27+013331.6  5  226.642792    1.558778    -16.9     2.265E+09     240.0	119.0
J151250.26+072621.9  5  228.209417    7.439417    -18.2     7.163E+09     650.0	100.0
J151641.28+070006.1  5  229.172000    7.001694    -17.9     4.316E+09     350.0	117.0
J231512.62-011458.3  5  348.802583   -1.249528    -17.7     3.590E+09     260.0	 92.0
J233825.48+270150.1  5  354.606167   27.030583    -13.3     2.986E+07     470.0   nan   
NGC0524-AIMSS1  6   21.190000    9.557250    -12.6     4.956E+07	39.9	 31.7		 
NGC0703-AIMSS1  6   28.171250   36.170667    -15.0     3.127E+08     164.7	 20.7	 
NGC0741-AIMSS1  6   29.088750    5.629667    -17.6     5.958E+09     311.7	 86.2	 
NGC0821-AIMSS1  6   32.086250   10.990722    -12.1     4.733E+06	 6.5   nan		 
NGC0821-AIMSS2  6   32.086250   10.982083    -11.1     7.501E+06	 8.4   nan		 
NGC0839-AIMSS1  6   32.419167  -10.185306    -12.3     5.690E+06	16.0   nan		 
NGC1128-AIMSS1  6   44.423750    6.038639    -15.6     7.501E+08	76.0	 63.9		 
NGC1128-AIMSS2  6   44.435417    6.033944    -17.9     4.730E+09     484.8     58.1		
NGC1132-UCD1  6   43.213333   -1.271889    -14.8     3.274E+08	84.3	 80.1			
NGC1172-AIMSS1  6   45.401667  -14.847667    -11.6     6.841E+06	 6.4	 40.7			
NGC1172-AIMSS2  6   45.393333  -14.830750    -11.0     1.718E+06	20.7   nan		 
Perseus-UCD13  6   49.937917   41.535000    -12.8     2.723E+07	88.6	 35.0		 
NGC1316-AIMSS1  6   50.652083  -37.182194    -12.0     4.520E+06	11.3   nan		 
NGC1316-AIMSS2  6   50.638750  -37.186972    -10.4     1.567E+06	 8.3   nan		 
NGC2768-AIMSS1  6  137.903333   60.071139    -12.1     5.434E+06	 6.4	 38.1		 
NGC2832-AIMSS1  6  139.942917   33.762917    -14.9     2.372E+08	46.4	111.3		 
NGC2832-cE	  6  139.949580	  33.768028    -17.8	 2.270E+09     375.3    100.5	 
NGC2892-AIMSS1  6  143.224580   67.615139    -18.9	 1.090E+10     580.9    137.5	 
NGC3115-AIMSS1  6  151.315833   -7.714333    -11.3     1.084E+07	 8.6	 36.9		
NGC3268-AIMSS1  6  157.500417  -35.338722    -12.7     3.428E+07	25.6   nan		 
NGC3268-cE1/FS90-192  6  157.521250  -35.342222    -15.9     1.300E+08     299.9     36.8  	 
NGC3923-UCD1  6  177.767083  -28.805500    -12.4     1.973E+07	12.3	 33.0		 
NGC3923-UCD2  6  177.732917  -28.805111    -11.9     6.533E+06	13.0	 23.1		 
NGC3923-UCD3  6  177.771667  -28.816361    -11.3     2.372E+06	14.1	 15.5		 
NGC4350-AIMSS1  6  185.996250   16.685528    -12.2     1.567E+07	15.4	 25.5		 
NGC4546-UCD1  6  188.869583   -3.789194    -12.9     3.590E+07	25.5	 21.8		 
NGC4565-AIMSS1  6  189.155000   25.962306    -12.4     8.224E+06	17.4	 13.8		 
NGC4621-AIMSS1  6  190.470417   11.629972    -11.9     1.641E+07	10.2	 33.9		 
M60-UCD1  6  190.900000   11.534611    -14.2     1.799E+08	27.2	 61.6		 
ESO383-G076-AIMSS1  6  206.855833  -32.882306    -15.5     4.956E+08	86.1   nan		 
ESO383-G076-AIMSS2  6  206.855420  -32.886083    -17.4     2.600E+09     652.2     87.8	 
NGC7014-AIMSS1  6  316.964583  -47.190444    -15.2     2.986E+08     329.8	 20.6	 
NGC0034-SS1  7    2.779167  -12.106056    -15.4     3.127E+07      39.0   nan                   
NGC0034-SS2  7    2.778750  -12.108778    -14.7     2.372E+07      31.9   nan                    
NGC1316-G114  7   50.676667  -37.211528    -12.8     2.723E+07       4.1     42.1                    
NGC7252-W3  7  335.182083  -24.677222    -16.3     1.245E+08      17.7     45.5                    
NGC7252-W6  7  335.183333  -24.674361    -14.5     2.372E+07       5.1   nan                    
NGC7252-W26  7  335.188333  -24.676500    -13.8     1.365E+07      11.9   nan                    
NGC7252-W30  7  335.189167  -24.681250    -14.7     2.723E+07       8.3     27.5                    
M59-UCD3	6	nan	nan	-14.52	2.0E+08	20.0	70.0
M85-HCC1	6	nan	nan	-12.6	1.2e7 	1.9	20.5
DGSAT-I		2	nan	nan	-16	nan	4400	130
