u,g,r,i,z,ra,dec,flags_r
17.16725,15.86868,15.37228,15.18867,15.11703,10.062824991098,13.772717600328,4503599895838736
22.80347,21.73701,21.16351,20.83499,20.51473,10.0740331053113,13.7986704340256,4503874782134272
19.12805,17.87168,17.33217,17.12596,17.05917,10.0633901610228,13.8826264209485,4503599895838736
23.31509,22.82432,22.47821,22.51684,21.54838,10.0732344230339,13.7174050193607,4503874907930624
22.03473,21.16251,20.55961,20.39589,20.52429,10.0626434541078,13.7962454436275,4503874773712912
23.65003,22.50147,21.03234,20.35269,20.10519,10.0642777324937,13.7072642974404,4503874807300112
25.06638,23.77245,22.7727,23.7078,20.94587,10.1517604890948,13.7230978335043,4503874816704784
25.8391,25.2846,22.89047,23.68276,23.29391,10.1515373880629,13.725182633578,4503874816737552
22.53172,21.77512,21.40445,21.42509,21.69951,10.1456718420012,13.767380745564,4503874773745664
23.40007,21.52668,20.1045,19.33532,18.80678,10.1517974354244,13.8613224587373,4503874773712896
23.69705,23.43678,22.09913,21.40005,21.62163,10.1452832607322,13.8487838426027,4503599904194816
22.27191,22.17884,21.80835,21.51843,21.72577,10.1503349206178,13.746286917576,4503599895805952
23.86273,23.26275,22.38024,22.46229,21.6786,10.2166233027903,13.8495353114074,4503874773712896
21.42226,18.61288,17.15917,15.64194,14.81634,10.034940463332,13.7866066042706,4503599895838736
23.55455,24.0625,22.07675,20.72105,19.91321,10.2181939258668,13.8485504084573,4503599895805952
25.72157,22.15703,20.80055,20.23953,19.88369,10.03399470576,13.7873247483639,4503599929360400
25.46559,23.22283,21.78658,20.53786,19.67313,10.2167436278382,13.717219946817,2310346883987406864
24.8082,21.65548,20.04263,18.66655,17.90001,10.2833737684398,13.7880956230185,2310346883987570704
23.73554,22.65723,21.70769,21.14702,20.8434,10.0331912682636,13.7703323967241,4503874773712896
21.05544,18.25346,16.80152,16.14635,15.75939,10.2831790127296,13.7382339237327,4503599895838720
22.9247,21.29313,20.90922,20.73841,20.84168,10.0350081007626,13.7430569852505,4503874773712896
23.7372,20.92002,19.3367,17.97578,17.19773,10.3523879427441,13.7121159533907,4503599895838744
23.0373,21.14486,19.68504,18.72305,18.2358,10.2817896997369,13.7007484025899,4503874773745664
23.86315,20.20184,18.64992,17.92679,17.4594,10.3415115706279,13.7137434350204,4503599895838736
24.15154,22.76573,22.80084,24.3618,21.42953,10.0283003577885,13.7189965261163,4503599929393176
21.12536,20.03313,19.71944,19.60879,19.59157,10.3539381101787,13.7725832194268,4503874773745664
24.28732,23.9913,22.07448,21.52668,21.97056,10.3418930570123,13.7122047466848,2312598683801124880
25.56666,23.38351,22.86774,22.35504,22.90975,10.0286138521249,13.7213031456099,4503874807267344
22.10848,22.06822,21.75512,21.20175,21.06295,10.2912143861849,13.7512711303132,4503874773712896
21.18279,20.52556,20.01184,19.8569,19.86808,10.0943178822927,13.7315837896491,4503874773848080
23.03902,21.66487,21.07384,20.84503,20.79888,10.2836447616831,13.7841757011006,4503599895805952
20.42967,17.61565,16.25146,15.70413,15.40677,10.0283279290716,13.6985995530878,4503599988113480
23.75892,21.45621,20.40108,19.96628,19.71876,10.2919642313412,13.7673314555636,4503874773712896
24.27815,22.46643,21.86087,21.7722,21.23068,10.3538163790217,13.7757983461207,4503600030056448
24.52326,24.23542,22.2782,22.59878,21.65228,10.1848162117099,13.8461252021488,4503874773712896
25.84559,23.62343,21.65566,20.45975,19.91485,10.2928802474561,13.8147674629693,4503874773712896
24.33281,24.17959,22.84392,22.59092,20.55047,10.1188726345981,13.7200523340166,2382404478033723664
20.92838,19.30027,18.68329,18.48207,18.29697,10.0547538267676,13.7433686755762,4503599895838720
19.50971,18.28221,17.76138,17.5507,17.44008,10.1477366533048,13.8263266194087,4503599895838720
24.23387,22.92966,21.83287,20.97367,20.34303,10.0522310780441,13.7922811009366,4503874773745664
17.4683,16.02624,15.47609,15.28156,15.21727,10.2058869834789,13.8569102435123,4503599895973904
20.23248,18.72914,17.91705,17.57735,17.37794,10.0100665200731,13.6936826583793,4503599895838720
23.59829,23.94603,22.63924,22.39056,21.11923,10.0011977790043,13.8611400352123,4503874773712896
23.77888,19.93504,18.66361,18.13239,17.77658,10.0471048474554,13.7069416823173,4503599895838720
23.39446,23.77903,21.62613,20.65796,19.92601,10.0696495076317,13.7459158418911,4503874983460936
20.54455,18.30272,17.35447,17.01166,16.80995,10.0178435803898,13.6927241343046,4503599921139712
23.29063,22.21954,21.30123,20.91138,20.56557,10.3704498502726,15.7808817058808,4503874807267352
23.71352,23.51879,22.43029,20.61054,19.76995,10.0166245502581,13.8103178475214,4503874907930624
17.55854,16.23508,15.72391,15.54281,15.45602,10.0371449641837,13.7747812409241,4503599895838720
21.89074,24.35413,22.1077,21.66976,20.86503,10.0316167566877,13.832354695483,4503874849243208
26.3818,23.32888,21.6006,20.67261,20.13031,10.0563198779089,13.8784748657614,2310346883987406864
23.57656,22.29957,21.95549,21.0844,20.7546,10.1266859180889,13.8294993149797,2310346609109532688
20.82983,18.7542,17.79472,17.45782,17.21491,10.0060582872754,13.7566891105823,4503599895838720
21.01942,19.89312,19.41451,19.19014,19.10464,10.1587600909974,13.8914403991606,4503874840854600
23.49687,23.91802,22.02924,20.7527,19.98241,10.3543511467772,13.8541793594945,4503874907930624
23.68435,22.17338,21.15921,20.84215,21.05779,10.1963058263818,13.8022072205317,4503874782134544
20.92891,19.80188,19.18794,18.94933,18.84277,10.035720040724,13.6946961587373,4503874773876736
23.88955,23.20298,22.36688,22.53137,21.72717,10.0022405353845,13.8259160682146,4503600038412288
23.77877,22.46165,21.17968,19.97006,19.40628,10.0569821925658,13.8501510351768,4503874849243208
25.6797,22.9584,21.44663,19.79715,18.94836,10.0400187768614,13.8955499660176,4503599895805952
23.41386,23.4815,22.05935,21.95232,21.34547,10.1285297956867,13.8864344570208,4503874773712896
24.57975,23.0881,21.95151,20.508,19.59374,10.3542836853994,13.7824408994775,4503599895805952
22.28967,19.69374,18.17076,17.43537,16.99583,10.1485210235963,13.7381987471692,4503599895838744
25.50271,23.26971,21.91033,20.41084,19.41573,10.0321525284136,13.7403479985171,4503600097132616
21.61041,20.84503,20.38342,20.24796,20.16423,10.4430538201004,13.8431687187618,4503874782134272
20.05363,19.15205,18.75844,18.61321,18.57644,10.0788175085507,13.833419115989,4503599895838720
21.4718,20.45772,20.04808,19.74885,19.74659,10.1584103847715,13.8477180812578,4503874773745664
22.74846,19.80317,18.5364,18.00885,17.69836,10.1823550545266,13.7609910195999,4503599895838720
23.96003,22.88272,21.7774,21.63195,21.11286,10.0467997797207,13.8383746507879,49539871047417872
20.7849,19.65411,18.9914,18.75005,18.56865,10.122738479167,13.769042484805,4503874773745664
25.55198,23.78534,21.80138,20.31168,19.41046,10.0355866815084,13.7972608609313,4503874773712896
25.12361,23.04613,21.14334,20.18399,19.93715,10.1280588027522,13.8399782446643,4503874773745664
21.37571,21.2152,20.92079,20.82383,20.97687,10.5216109250605,13.739706768445,4503874773745664
24.97383,24.43919,22.50963,20.99383,20.72457,10.0510228446967,13.7187403584683,4503599895805952
23.55466,23.25913,22.40397,22.80487,22.40376,10.0361263368457,13.8044504862149,4503599904195072
22.76258,22.77827,22.10954,22.22564,22.90325,10.1222493260094,13.8266645399088,4503874773712896
22.68299,21.1134,20.33148,19.99705,19.81563,10.0996263052486,13.7705595075445,4503874773712896
24.62711,21.86641,20.326,19.41627,18.94509,10.0658918728259,13.7550506993267,4503874773746192
23.41834,20.57198,18.98174,17.99541,17.44032,10.1822491731006,13.7359475129688,4503599912615936
23.78119,23.08469,21.80834,20.00689,18.98587,10.0429212865103,13.8533864861651,2310346883987406864
17.07692,15.61592,14.98341,14.73513,14.62142,10.0422371743751,13.7177438944091,4503599921005056
25.02377,22.43292,20.97541,19.63098,18.81777,10.0693931742452,13.7264318424166,4503874773745664
24.22738,22.66005,21.07599,19.77378,19.04294,10.4428095051227,13.8369567632079,4503599895838720
23.70562,22.11984,20.68559,20.13351,19.90514,10.0234160226105,13.8572472365252,4503874773745664
21.22519,18.41209,16.89676,16.07533,15.62506,10.1901723067514,13.8045421685773,4503599895838720
25.89323,22.79268,21.26215,19.78143,19.03637,10.0390798293625,13.8369717119762,4503874773745664
18.40388,17.20035,16.70437,16.52305,16.44924,10.0140284955943,13.8695808123746,4503599921005056
22.54762,21.30371,20.72247,20.37587,20.37979,10.1235756235758,13.8334499288915,4503874773745664
23.66943,24.11777,22.59374,22.37155,21.30301,10.0316145293464,13.8830066644111,4503600038445056
22.48143,20.39037,19.61245,19.29586,19.1164,10.163048682524,13.7785046498466,4503874773745664
20.82949,19.90062,19.47633,19.34605,19.18005,10.1038673851168,13.709460867925,4503874773745664
23.61232,22.48912,20.74466,20.08654,19.76953,10.0193067322503,13.8149475800537,4503874773745664
22.78902,19.83969,18.55489,18.05541,17.79454,10.026764142455,13.8198678077674,4503599895838720
26.29501,24.1937,22.20704,20.93362,19.88298,10.0094738278059,13.882333012414,4503874907930640
23.82066,23.50937,22.68602,23.50284,21.79277,10.0217752677579,13.6988823603141,4503599904194816
23.95099,20.20264,18.7202,17.96405,17.52415,10.137535753586,13.871418457126,4503599895838720
25.20634,20.95152,19.68351,19.11051,18.78876,10.2322177567434,13.8325355174998,4503874773745664
22.46028,22.43103,22.19324,22.57072,22.74112,10.0529380969291,13.74713281036,4503874907930624
23.56945,22.42247,21.3535,20.74321,20.54219,10.0475317405216,13.736043554354,4503874773712896
20.9304,19.8653,19.5061,19.30254,19.15063,10.1639535710494,13.7922950043106,4503874773745664