u,g,r,i,z,ra,dec,flags_r
24.17838,20.81378,19.40086,18.35518,17.78035,177.957432015398,51.1651026251763,4503599895838720
21.20844,20.07151,19.73784,19.62997,19.56444,177.834815261274,52.3046433800053,4503874773745664
25.77342,23.8883,22.34529,21.01902,20.25603,177.834735620757,52.4120647403246,4503874773712896
25.03765,22.41797,20.94405,19.51546,18.64704,177.95679882192,52.850553390238,4503874773712896
24.64137,22.28081,21.79542,21.05668,20.57923,177.956840555564,51.4125043711267,4503874808315920
22.94276,22.30372,22.11838,24.36398,21.29026,177.957105098233,51.4098467830431,76561193968336912
19.79215,17.34905,16.16838,15.63431,15.39617,177.835468560758,52.2192020176631,4503599895838720
23.4826,24.29893,22.50112,21.93189,22.25269,177.653452970941,52.1136505718937,49539871181635584
25.38312,23.27898,22.29409,21.68506,20.96668,177.58648157867,52.2093789577166,4503874916352256
26.14967,22.99714,22.08012,20.80767,20.20992,177.588362339169,52.7164291319992,4503600030056448
25.408,23.24554,22.16123,21.50491,21.55964,177.956917859154,52.6296234936674,4503874773712896
23.4093,22.57302,21.23258,20.40357,19.91045,177.470381005197,52.7765402822744,4503874773745664
20.0648,18.91937,18.52246,18.3603,18.4143,177.156395390638,52.4031115184768,4503599895838736
23.91603,23.17089,22.5989,23.37794,21.6964,177.4718199724,51.4830960052224,4503874773712896
23.67812,22.63895,22.06365,21.73712,21.36506,177.957577610535,51.1107080127951,4503874773712896
23.16874,23.88053,22.58224,22.05173,21.7002,177.653529344144,52.5006405715535,4503599904194816
24.89203,23.28918,22.54111,22.43529,22.65195,177.324710477324,52.5895117314236,13511074028453888
24.50579,23.62717,22.54329,22.66782,21.39366,178.035947887551,52.2368612042303,49539871181635584
22.9014,21.89088,21.47971,21.16293,20.77028,178.147761573459,52.1617112012989,4503874773712920
24.00397,23.10727,22.07003,21.7715,22.48629,178.035076024661,52.2195392331876,4503874773712896
24.34142,22.73446,21.13108,20.57445,20.24849,178.037886075077,52.1653449104359,2310346883987406864
22.414,21.88716,21.60109,21.05199,20.58612,178.245185101607,52.2004808871068,4503874773712896
19.59142,19.54488,19.55843,19.41911,19.31138,178.244869165566,52.2551935517474,4503599895838720
18.61701,17.65239,17.3671,17.28523,17.2546,178.24407399187,52.2656453944125,4503599895969792
17.03136,15.57923,15.07474,14.9085,14.87759,178.244877311902,52.1011747238039,4503599895838736
20.90259,18.11187,16.79651,16.12766,15.79854,178.081090280291,52.7094288715899,4503599895838720
25.13071,23.45749,22.61505,21.71368,22.03959,177.653862570219,52.2479928321572,4503874773712896
23.27425,22.46404,22.33715,21.62185,21.02153,177.654637076865,52.1178105716653,4503874782101504
24.81006,22.60895,22.07573,21.47128,21.43664,177.156099146052,52.229757995607,4503599895838720
25.8292,23.35,21.94403,20.23847,19.27605,177.091832168322,52.2221229442678,4503599895805952
24.43089,23.44848,22.79091,22.72747,23.11675,177.156000692718,52.2215307053638,4503874807267352
23.69469,23.73512,22.28357,21.41229,21.78122,178.353001196395,51.7413695946452,4503874807300112
25.46523,23.45346,22.59277,20.75196,19.96239,178.243310513881,51.8280835204732,4503599904194560
25.96742,23.03032,21.28979,19.7707,18.91345,178.081998707561,51.7888667865748,4503874773712896
25.49966,22.70277,21.04119,20.32571,19.83665,178.083190595779,51.7784005606739,4503874773712896
24.37674,24.30396,22.55311,23.67516,23.52162,177.472621133307,51.6576965894699,2310346883995828240
24.21092,23.5091,21.81272,21.01594,20.31261,177.324584229951,51.752727057934,4503874773712896
24.63048,23.72936,22.3616,21.11823,20.46034,177.156219310339,51.6360011478924,4503874807300112
20.77519,19.71001,19.31424,19.20552,19.09606,178.035525270349,51.2689517296187,4503874773745664
20.16717,17.56059,16.20008,15.46259,15.04811,178.034897278974,51.2504891134224,4503599895838720
23.46792,22.63092,22.00127,21.78068,21.60009,177.835241649142,51.358388452509,4503874782134272
25.79756,21.82675,20.52004,19.92458,19.80882,177.326274456364,51.2681928454221,4503874773712896
24.13614,23.04347,22.20743,21.90591,21.63375,177.325766720032,51.2213440421728,4503874773745664
24.10698,25.37159,22.82356,21.53248,20.69251,177.089697934754,51.3119261400353,49539871055806720
24.70192,23.09896,21.23034,20.62187,19.97672,177.155822357834,51.3788002981406,4503599929393168
19.49795,17.758,17.05697,16.81337,16.64443,177.155434314383,51.3749363678732,4503599895838736
21.74162,18.97904,17.52833,16.53131,16.01969,178.244373555058,52.8312474515673,4503599895838736
26.30091,22.75127,21.58373,20.00415,19.22841,177.958367025366,52.854883891888,4503874773712896
22.12749,21.61693,21.39713,21.00842,21.0195,177.958443325912,52.8270811161317,4503874773745664
24.99109,23.42451,22.70084,22.25209,21.73462,177.836363492387,52.872194874465,49539871047417856
20.83754,18.94054,18.1529,17.82801,17.64544,177.652079716938,52.891245769453,4503599895838736
23.83395,22.35665,22.12826,22.19292,21.68269,177.653131890384,52.7447659870967,4503874807267344
24.7563,22.6008,21.93925,21.97919,21.56181,177.95797615375,52.686577623614,6755674587398160
24.85307,24.30237,22.72799,23.74906,22.89141,177.958171433367,52.685563043508,2310346883987406864
24.7431,21.45371,20.00037,18.96408,18.43342,177.652100373492,52.8784837791444,4503874773745664
24.00232,23.9226,22.43693,21.24072,20.42622,177.324564062193,52.8800837877678,4503874916352256
24.99054,23.97581,22.68192,23.48118,22.04462,177.324210488739,52.8720205384621,4503874773712896
23.7744,23.66305,22.81122,22.69946,22.07566,177.091084019541,52.7956786976948,49539596303728640
22.87567,20.84349,19.24244,18.03662,17.35766,177.09260309036,52.8624088362764,4503599895838720
18.02017,16.6003,16.07013,15.88506,15.78474,177.091792120438,52.7317873680366,4503599895838736
24.25859,23.45209,21.87471,21.27296,21.16964,178.147972554565,52.4083227969308,4503874773712896
21.16307,19.22949,18.27717,17.92446,17.72369,178.082642429713,52.4716515698203,4503599895838720
25.50426,23.65132,22.73941,21.91045,21.47764,178.082153799589,52.3902030133213,4503874815688984
17.61154,15.71551,14.94927,20.98812,14.54583,178.146539197377,52.5096692028941,4503599895838736
24.15133,23.58111,21.8966,21.16152,20.76837,178.08389888998,52.5908702617888,4503874807267344
23.81823,21.6979,20.58541,20.05378,19.69555,177.836457391012,52.40400581287,4503874773712896
20.91177,19.78998,19.30912,19.09152,19.08111,177.95594341764,52.35395211751,4503599895838720
22.74382,22.56104,21.83725,21.83624,21.7912,177.324367327416,52.4206272827215,4503874773712896
23.11665,22.58183,22.12795,21.7292,21.4388,177.326978727576,52.3494743744017,4503874773712896
22.50682,21.4685,21.10232,21.00473,21.11231,178.082270067311,52.6469490349707,4503874773712912
22.56715,21.65956,21.17524,21.03908,20.77734,177.957852350827,51.9724134507347,4503874773712896
25.1145,22.95932,21.20942,20.66272,20.31053,177.956471465722,51.9410548969844,4503874782134272
23.7991,24.11594,22.08846,20.73034,19.93347,178.244352543164,51.6604275441934,4503874907930624
24.89559,23.56357,22.32867,20.81176,20.06392,178.243961139258,51.5290777217345,4503599895805952
23.38043,22.85985,22.52303,23.24103,21.71183,178.244863613911,51.5567952905166,4503874916319744
26.35681,25.59696,22.57382,21.95465,21.36285,178.035450046258,51.524761392549,49539871047417856
25.88523,22.59657,21.28169,20.1921,19.62206,178.0830140624,51.6616637634298,4503874773712912
25.11566,23.02857,22.03351,21.80998,21.42417,178.035168881297,51.5302503122169,4503874773712896
18.2884,17.00295,16.49042,16.263,16.17505,178.081355211371,51.6393182088383,4503599895838736
24.87912,22.33488,21.74902,21.17151,21.46189,177.65361206171,51.595421538285,4503874773712896
25.57796,21.40132,19.95726,18.7117,18.00517,177.588020106963,51.48763202045,4503874924740608
18.28468,17.23564,16.85127,16.74154,16.68254,177.471265405856,51.5199486002296,4503599895838736
22.67557,21.96551,20.9803,20.83014,20.79934,177.156799970443,51.5397108119135,4503874773712896
21.9524,20.24183,19.34301,18.97858,18.80745,177.092758968682,51.6017398980103,4503599895838720
21.71459,20.75549,20.41222,20.2928,20.27208,178.148225850933,51.079470499981,4503874773745664
23.95555,24.52822,22.82849,22.46007,21.81009,178.081021088877,51.1165496922817,4503874807267344
24.72443,23.27695,21.71454,20.65615,20.05435,177.836649325751,51.1672811121932,4503874840821832
25.86738,22.01971,20.76541,19.88686,19.39988,177.837995046869,51.2222110920027,4503599895805968
20.22375,19.25243,18.88899,18.75382,18.74913,177.836857798393,51.1188807627247,4503599895838736
23.89236,24.33496,22.58164,22.57533,22.80437,177.655219556926,51.0893288857247,4503874773712896
23.86029,24.10854,22.64026,23.18965,22.28564,177.655170102482,51.1268021821518,4503874807267344
26.37559,23.86386,22.75024,21.50929,20.95139,177.09093855249,51.1376889200759,13510799150546944
22.02328,21.73767,21.80362,21.42335,22.92078,177.153980656698,51.0147258452808,4574243551477777
25.1156,20.82582,19.33819,18.57649,18.18239,177.089612958762,51.0092494057194,4503599962947656
20.45379,18.27262,17.37364,17.01497,16.82407,178.147785144101,52.2933624611666,4503599895838736
23.305,22.64081,22.24328,21.48977,21.5364,177.837797335036,52.1944670179731,4503874907963392
24.6445,22.66268,21.78021,21.29848,21.10167,177.834789811845,52.1729635298369,4503874907930624
23.60066,22.72707,21.22548,20.16358,19.66531,178.032189902163,52.7729096024035,4503874773745664
21.64914,20.42155,19.9586,19.75948,19.80771,178.03324619039,52.0927143160981,4503874773712896
23.95997,23.65377,22.12305,20.08797,19.0174,177.690665586219,52.092896041126,4503599895805952
23.00498,21.95023,20.85768,20.34013,19.95161,177.869793895108,51.3900494596069,4503874773745680
23.12304,22.58475,21.93147,21.85067,20.95248,177.869536974026,51.3703660314251,4503874773712912
16.3867,15.13665,14.7358,14.61711,14.57718,177.147636599443,51.3117751892975,4503599895969808
21.51151,20.27783,19.13109,17.96148,17.29413,178.113150019734,52.7844881460771,4503599895838720
23.44736,20.12318,18.78743,17.98559,17.52655,178.034202567424,52.7779379286258,4503599895838720
24.15686,23.11859,21.64133,21.29999,21.21023,177.431641433203,52.8894520725485,2310346883987406864
23.59409,21.69749,20.32465,19.11683,18.50834,177.429998637526,52.8908971340221,4503874773712912
19.98608,18.96871,18.63947,18.50378,18.5096,177.632694426008,52.7873091825202,4503599895838736
24.65585,23.31286,23.13078,23.59515,22.49765,177.149588149866,52.7499143273662,4503874807267344
23.77273,22.42441,21.83608,21.67784,21.17475,177.148652225224,52.749552699709,4503874773712912
21.24667,20.29885,20.08653,20.0451,20.17166,178.111840913545,52.4472885606967,2310346883987406864
21.84791,20.25348,19.43598,19.08437,18.92232,178.114741771672,52.351678380472,4503599895838736
24.05097,22.2501,20.8829,19.42843,18.65724,178.032201636859,52.3691752885487,4503874807267344
22.50513,19.40334,18.13919,17.5187,17.18141,178.034085116409,52.36845596185,4503599895838736
22.90405,21.86113,21.17494,21.02259,21.07472,178.032225029425,52.4219670648133,4503874773712912
21.46074,20.47964,19.97613,19.78276,19.56988,177.871423631503,52.4124900065369,4503874773712896
24.09916,21.90347,21.19457,20.98122,20.99712,177.556151038879,52.3897346826106,4503599895805952
24.05715,23.53646,22.35918,21.74931,21.0706,177.634257023522,51.571993781147,4503599895805976
23.82338,22.44081,21.02291,19.52326,18.6534,177.868620879934,51.5048388124102,4503599895805952
24.55944,21.74615,21.07476,20.76259,20.71115,177.5577371871,51.4421082454129,4503874782134272
21.30725,18.88802,17.4479,16.19839,15.50728,177.556099854609,51.4488134314364,4503599895838736
21.85242,19.42012,18.05494,17.51806,17.20519,177.238242215023,52.8978292862906,4503599895838736
24.57575,24.19663,23.01546,21.99765,21.45092,177.432500503355,51.5378835437439,4503599937880336
17.75364,15.82167,15.11114,14.81638,14.65607,178.112808609734,51.1511839993654,4503599895838736
20.95682,20.10041,19.7452,19.59697,19.51334,177.692096819764,51.1878821162234,4503874773745664
24.48291,22.30077,20.79113,19.24368,18.40053,177.557128394862,51.0821184480701,4503874773712896
24.20417,23.80786,22.68057,22.92049,21.58743,177.147782498368,51.1040986608765,49539871181635584
25.19193,23.51238,22.73461,22.60521,22.75899,177.002712467939,51.1444277029668,4503599895805952
24.54012,23.10585,22.04496,20.35599,19.50412,177.001930367993,52.5004235527881,4503874773712896
22.16718,20.116,19.00292,18.59416,18.36747,177.868640309026,52.1881604387231,4503599895838720
20.07715,18.33897,17.71094,17.46604,17.31165,177.690347630687,52.9277747409642,4503599895838736
25.43325,22.89013,21.58317,20.15741,19.33329,177.430135689833,52.5584055940114,49539871047417856
18.37661,16.48224,15.73753,15.48628,15.34293,177.149276470145,52.6161478128154,4503599921139712
22.49309,22.69442,22.76826,22.54808,21.72217,178.210076265341,52.2229154207863,4503599895805952
20.83681,18.3636,16.95866,16.08461,15.62243,178.113525309719,52.100580888779,4503599895838720
23.44284,21.61398,20.27831,18.99635,18.27353,177.871520223099,52.2225784627083,4503874773712896
24.27441,23.32574,22.66924,22.76853,22.50351,177.557302946268,52.1513526813084,4503599904194816
23.22472,24.96773,22.82278,22.06269,22.16724,177.523563100935,52.1871728819547,4503874773712920
23.72861,23.34692,22.16413,20.80754,19.92462,177.523505487874,52.0724552631167,4503874773712896
24.24157,24.038,22.6918,23.01947,21.9333,177.429778224524,52.2495503993155,4503874807267344
23.47808,21.48936,19.85927,18.99792,18.48924,177.522492966316,52.2060095200229,4503874773745664
21.70598,21.5974,21.60591,21.45856,21.1403,177.236332717548,52.0629204292676,4503874773712896
23.4098,24.09266,22.63236,21.18083,20.36724,177.003780721408,52.1220872784978,4503874782101504
25.12096,24.33211,22.99243,23.09221,22.42239,177.003065355111,52.1528307988151,4503874807267344
25.09221,23.32262,22.31941,23.01621,22.43625,177.001355476987,52.0724586533323,4503874807267352
23.45835,23.55887,22.40595,23.135,22.27188,178.211711583199,51.7838974786895,49539871047417856
24.92902,24.62069,22.79622,22.31634,21.22842,178.114429866734,51.8739547430897,4503874907947008
24.71335,23.21872,21.60448,20.83996,20.54934,178.210776888056,51.8626271022872,2310346883995828248
23.59645,22.25582,21.75937,21.60678,21.72312,178.209009562827,51.8363216815143,4503874782134288
24.0715,22.95841,22.37112,22.08909,21.92782,178.210415540748,51.7298996835246,4503874773712896
25.29496,22.73579,21.24031,20.05256,19.52803,178.114460682202,51.8147184476,4503599895805976
22.43269,21.64985,21.16069,21.05299,21.78329,178.114838554662,51.857831618814,4503874773880848
23.96388,23.91169,22.27857,21.70678,21.03388,177.555939243584,51.667240701171,4503874773712896
24.95411,24.08923,22.67268,23.06332,22.31348,177.523904207127,51.657669459981,4503874773712896
25.03106,25.21311,22.3426,21.73467,20.83944,177.55712591995,51.8428272932527,4503874773712912
23.67855,22.28373,21.58837,21.22393,20.81143,177.431049537942,51.7106862161239,4503874773712912
24.16684,23.05328,21.8415,21.64336,21.19501,177.237282261106,51.6566101364091,4503874782134272
23.09398,22.1104,21.43514,21.45094,20.90755,177.149062230284,51.8030455998483,4503874840854600
22.07117,19.36544,17.91183,16.86871,16.26419,177.149175225552,51.6894956024864,4503599929393168
23.99025,24.96574,23.41349,21.97059,22.17412,177.147688156159,51.6649298624983,2310346883987406864
24.21199,23.91125,22.69222,22.65721,22.60113,177.002557696059,51.6586749937037,4503599904194816
21.66195,20.92401,20.49729,20.38734,20.15468,177.003058740143,51.6054398717124,4503874773745664
22.61835,20.66444,19.32781,18.67888,18.31463,177.003741344571,51.7780870835899,4503599895838720
23.27672,23.718,22.12853,20.92223,20.19994,177.871217652597,51.4012159348601,4503874907930624
24.11615,25.17815,23.44069,22.28991,22.30666,177.634295390176,52.4853896011518,4503874807267344
23.11799,21.64698,20.14073,19.01709,18.38806,177.870019965511,51.294519876701,4503874773876760
23.75169,23.22711,21.45185,20.1214,19.02106,177.238586668682,51.2549163713816,4503874782134528
23.73452,23.56172,22.73352,22.5317,21.37405,177.238733773236,51.248648340831,4503599895805952
20.79395,18.13527,16.70625,15.34284,14.57416,177.431243457834,51.2551912933977,4503599895838736
23.43804,23.823,22.53862,22.40885,20.97629,177.147231269475,51.1975747278315,4503874907930624
24.34535,23.86821,22.3372,21.39895,20.85744,177.001944007572,51.2848173523095,4503874773712896
25.27167,23.40997,22.07284,21.50205,20.80241,177.001968643108,51.2409259383537,4503874773712896
24.53924,22.93656,22.77927,23.13523,21.37623,177.004158279591,51.3337721764539,49539596177932544
24.63234,21.5944,20.11292,19.30742,18.8105,177.003360134447,51.2597682758527,4503874773745664
22.20142,19.98592,18.49509,17.54655,17.03311,178.114140795421,52.8217394625162,4503599895838720
24.1846,23.77629,22.62998,21.40466,20.29556,177.558954399529,52.8563265290401,4503874773712912
24.31983,21.5744,20.11743,19.20185,18.70214,177.633432778788,52.7700028484241,4503874773712896
23.6849,22.78059,21.96967,21.62819,21.37522,177.558209930912,52.7982426576474,4503599895805952
24.16068,21.47538,19.89828,18.52029,17.82514,177.558794520532,52.7560829228494,4503599895838736
25.03848,24.21689,22.39049,21.83052,21.67647,177.237168433291,52.6788742793681,4503874807267344
23.67718,24.74574,22.83534,22.48846,21.56077,177.150129726519,52.7861890950173,13511074028453888
23.80456,22.16127,20.85255,19.69474,19.15748,178.033673087744,52.3600948118794,4503599962914888
25.28102,25.00918,22.9027,21.55915,20.76052,177.557965557456,52.4863810905897,4503599895805952
23.6803,24.21806,22.70715,21.85475,20.88698,177.689485898914,52.5793916422243,4503874907930624
19.66995,18.55577,18.17129,18.03274,18.00396,177.869998392188,52.6834897917846,4503599895838720
21.83141,19.75379,18.71133,18.26558,17.99467,178.034576004963,52.7076718187558,4503599895838720
24.60928,21.9907,20.47476,18.99084,18.20955,177.430017906737,52.3499800800153,4503874773745680
23.45766,21.35812,19.88965,18.80225,18.28158,177.432422327869,52.3511522908104,4503874773712912
23.80472,23.4868,22.38098,22.18176,21.60982,177.147004041911,52.441690263595,4503874773712896
23.40577,23.5175,22.90836,22.66983,22.91071,177.14852702907,52.272383108659,4503874782101760
25.36972,22.35911,20.73224,19.65257,19.20501,177.237537201498,52.3233233587008,4503874773712896
23.39509,21.96428,20.76546,20.03402,19.68073,177.238082963768,52.3108579800994,4503874773712896
17.44475,16.54765,16.30339,16.18928,16.20451,177.236086678615,52.4194482476863,4503599921004544
24.83584,24.07082,22.97847,22.38695,21.69969,178.209212324341,51.5383575504727,4503600030023680
24.48561,23.16568,22.7476,22.25905,21.84215,177.43537340103,51.5385621952937,4503874807300112
24.35572,23.69704,22.78719,22.16719,22.41593,177.987904300187,51.4618508580909,4503874907930624
24.62296,22.99689,22.62062,23.87863,23.45086,177.142766306319,52.272115215702,2312598683801255960
22.79672,21.74199,21.33068,21.25238,21.78362,177.946118251582,52.4613229712841,4503874773712896
21.15752,20.17113,19.94446,19.86493,19.7202,177.352541050749,51.355974536231,4503874773745664
24.70963,25.07734,22.88528,23.5234,23.22379,177.987130657921,52.2924921721472,4503874807267344
23.22616,22.00228,20.6678,19.5411,18.88606,177.94635943268,51.1167633793903,4503874773712896
22.03878,21.42755,20.98522,20.71441,20.95053,177.986444366693,52.5722868442101,4503874773746176
24.2695,24.65668,22.86851,22.81478,22.29773,178.167170133059,52.6949944504711,4503874807267344
20.35756,19.47967,19.16581,19.03136,19.1014,177.948120814981,52.5942291566819,4503599895838720
22.44304,22.5186,22.52415,21.70742,21.27074,177.711019856022,52.5600975861977,4503874807267344
22.70596,20.2459,19.26684,18.91337,18.72281,177.56598096063,52.5781329181503,4503599895838736
18.86703,17.69765,17.2679,17.13931,17.05532,177.081140811489,52.6399822687981,4503599921004544
24.88843,23.54872,22.2926,21.13882,20.25786,177.987500498328,52.1003392869772,4503874916319232
26.10639,23.97136,22.50891,21.11533,20.31199,177.987297965865,52.1711362625474,49539871047417872
25.01457,24.77684,22.77007,23.18852,22.60654,177.947017812976,52.2064337065484,2310346883995795472
22.43573,20.97752,20.37061,20.16821,19.98326,177.924455328806,52.2760136581521,4503874773712912
23.75619,22.62075,21.29937,20.46963,20.20158,177.882349672037,52.2774795715165,2310346883995963408
23.74962,21.60264,20.87083,20.6366,20.40623,177.435361212302,52.2587634926012,4503874773746192
24.237,21.89517,20.31433,19.07768,18.37311,177.35368294131,52.1925525767154,4503874773745664
22.64348,21.93687,21.55804,21.27494,21.78407,177.081954518787,52.1787340375637,4503874773712920
22.63263,22.27758,22.09742,22.29506,21.10316,177.081406837238,52.1878112502872,4503874773712896
22.81552,22.58372,20.96418,19.79887,19.19777,177.07989349451,52.0879975119605,4503874773712912
24.99503,23.20026,22.2702,21.48983,21.16566,177.081078106506,52.0682735209511,4503874773712912
23.98149,23.03191,22.68847,22.24036,23.0103,177.081308791438,52.1179581353242,2310346883987406864
24.30903,21.16492,19.86852,18.95622,18.48074,177.241184391325,52.1357642476225,4503874807300112
23.4997,23.30473,22.39324,22.78103,22.06672,178.278256716384,51.7842718917327,4503874773745664
17.69841,16.4236,15.9864,15.84861,15.79047,178.278457682639,51.8331959029709,4503599895973904
22.08248,21.70127,21.69008,22.37208,21.97136,177.710510367923,51.823046083179,4573968673570833
23.26915,22.0223,21.95466,21.66303,21.38965,177.711732372185,51.8274132340191,4503599929393168
24.10797,23.56674,22.41947,21.31762,20.61407,177.352869639614,51.8144697245552,4503599895805952
23.60606,23.08653,21.95245,21.60115,20.99046,177.563017424123,51.7046018423619,4503874773712896
22.54501,21.4508,20.66117,20.4374,20.14248,177.434519251954,51.744365474853,4503874773876736
23.96804,22.73199,21.42977,20.87495,20.33982,177.240744914369,51.6980949988155,4503874773712896
24.0576,24.53214,22.59608,23.83754,22.04205,177.3540890282,51.6940283828612,2310346883987408144
24.38475,21.77911,21.15642,20.98529,20.66487,177.239268205717,51.6457831159482,4503874773712912
23.46967,21.78542,21.50359,21.26591,21.27707,177.079996539792,51.6773228363928,4503874782134272
23.5831,23.01726,22.53642,21.82594,22.55411,177.080033554533,51.61855366905,4503874916319488
20.42552,18.74575,18.04051,17.79424,17.58133,177.081782573957,51.7270615368406,4503599921004544
23.27457,22.71165,21.47637,20.67573,20.25335,178.167989235934,51.4122820344288,4503874782134272
23.11858,20.55824,19.10246,17.98855,17.33577,178.277449035923,51.328885185496,4503599895838720
26.07886,23.57771,22.68918,23.11251,22.51677,177.946314295848,51.4224630321199,13511074036842752
24.90603,23.29836,22.5901,22.43118,21.3854,177.947264157641,51.3063344212618,13511074036842752
25.50756,23.74043,22.61118,24.22956,23.00971,177.922453318156,51.4245459816523,4503874907931136
23.62999,21.97247,20.54417,19.62792,19.21017,177.985362866379,51.3347345489084,4503874773746176
24.85114,22.47146,20.88936,20.42301,19.94443,177.985985308356,51.3189264025021,4503874773745664
21.00507,19.04899,18.35682,18.10665,18.02046,177.924184477747,51.2685587631253,4503599895838720
24.84052,24.99427,23.24524,23.20404,22.39575,177.948165151606,51.4127217794954,4503874808348688
24.80099,23.49524,22.63974,22.67782,21.9554,177.88430296741,51.3436705499044,4503599904194560
24.46758,23.98281,22.71477,22.39885,23.63973,177.242369870055,51.2936685746799,4503874782101504
22.75752,22.24845,21.58104,21.1272,20.6293,177.353939754402,51.3123984379792,4503874773712896
22.16589,21.81182,22.06963,22.25367,23.0886,177.241903667462,51.1969880775634,4503874773712896
22.44877,19.90042,18.4528,17.23408,16.59368,177.239840657134,51.2587513734205,4503599895838720
18.04416,16.27299,15.65735,15.46922,15.37867,177.241162991412,51.3664160325716,4503599895838736
25.60732,23.67397,21.55919,20.39032,19.79042,177.1433604211,51.3001576895527,4503874840854600
21.55376,20.93084,20.43709,20.30816,20.17517,177.141510764826,51.3156942657685,4503874773746176
24.72327,23.44175,21.9686,20.17526,19.35067,178.167806576474,52.776521003881,4503874916319248
24.86678,24.62599,22.92884,22.40742,22.33043,177.985332537166,52.8748162480566,4503874773712896
23.14412,23.41789,22.91594,23.26755,23.15773,177.987598399959,52.7631233156943,4503874907930624
24.12842,23.6448,23.02321,22.39583,21.95628,177.947172572634,52.8313075602177,4503874807267352
25.18925,21.8382,20.40696,19.51402,19.10921,177.946040842351,52.8321004108435,4503874773712912
23.8683,23.2219,22.7624,22.78061,22.07678,177.945771126402,52.7960960398729,4503874807267344
24.54977,21.52262,20.14621,19.38591,18.89611,177.922939174501,52.7298448517717,4503874773712912
22.28988,22.64735,22.18417,22.03485,21.82689,177.709552819817,52.7758657475403,4503874840821832
24.1594,24.60257,22.89647,21.90355,21.10205,177.710203452381,52.9024297465443,4503874807267344
24.06939,25.54149,22.98617,23.96841,23.00778,177.564559885664,52.7698020668835,4503874916319232
25.90718,24.26151,22.39145,21.14454,20.0023,177.565814816688,52.7343494161815,4503600030023680
25.72766,21.98174,20.48908,19.28385,18.58347,177.435247311424,52.814813940272,4503874773745664
24.13844,23.84602,22.49725,21.5895,21.44558,177.239460141349,52.7805480229683,4503874975039560
24.17923,23.63476,21.79848,20.68857,19.94402,177.242319296011,52.7194278483674,4503874782101504
22.9628,22.22893,21.23664,20.69626,20.4579,177.35333138391,52.7647351775041,4503874773712896
24.65022,23.44065,22.43307,21.91888,22.61771,177.082621606639,52.7640560741079,4503874773712896
23.38031,22.06684,20.61227,19.92717,19.44561,177.08102463239,52.7737041157937,4503874773712896
23.48109,23.12851,22.17878,21.85427,21.33117,177.082629494788,52.741535021341,4503874782101760
23.7108,23.94594,22.35853,21.1762,20.69852,177.987575951429,52.4926771723461,76561193942155264
24.17566,22.58107,21.43734,19.77347,18.89402,178.166804313712,52.4800911054243,4503874773712896
22.56619,19.98042,18.50179,17.3165,16.66649,178.166686774439,52.418491813758,2310346609109532688
25.46799,23.85598,22.87362,23.10444,23.1328,177.924643208102,52.304656842569,4503874916319488
24.8612,23.81874,22.46539,22.11309,22.40434,177.947139840806,52.3983076247294,4503874807398416
23.75275,22.68062,22.3525,22.41941,22.11208,177.884437734703,52.4106804709931,4503874807267344
24.8129,24.15111,22.71532,22.24797,21.29333,177.564585134811,52.3852745943159,4503874807267344
23.46571,20.96809,19.95345,19.53478,19.27757,177.353047399101,52.2736992610676,4503874773712912
21.60429,20.83568,20.59235,20.39676,20.42939,177.434813259495,52.343241231778,4503874773712912
24.59725,22.25292,20.71398,19.28045,18.48621,177.140239537722,52.3884911649739,4503874773745664
23.00566,20.77854,19.83267,19.52471,19.52048,177.081371536082,52.3487039271066,4503874773712896
25.17652,23.79532,22.87212,22.70343,22.61462,177.081309133908,52.4090822379569,4503874807267344
25.3422,23.51914,22.29045,20.7978,19.70391,177.882269306193,52.0752720099132,4503874773712912
24.78668,23.55522,22.37809,22.22709,21.57293,177.986770051776,52.0757501773368,4503874807267344
22.5695,22.28218,22.25714,22.34018,21.66159,177.985767486686,51.9816909157271,4503874907930624
24.62882,23.81926,22.49832,20.82357,20.08018,178.279154067034,51.5796510865673,4503874916319232
24.70872,21.86302,20.43437,19.01937,18.31594,178.166321463584,51.5466919847953,4503599895838736
17.8121,16.69519,16.29212,16.13009,16.12196,178.277851708277,51.5724980179227,4503599895969808
24.11596,23.64324,22.71178,22.45033,21.8039,177.946041866861,51.6103400342385,4503600038445056
23.22347,23.59789,22.00914,20.79741,20.36421,177.947968621092,51.500999796024,4503874773712896
25.45415,23.76011,22.83896,23.5521,22.20925,177.947312700583,51.4590139142411,4503599895805952
25.76885,23.73383,21.95574,21.22163,20.5251,177.924922442274,51.4532574961109,4503874773745664
23.96609,21.41583,20.50695,20.19605,19.99808,177.924364622804,51.6273846172156,4503874773745680
25.05716,25.5604,22.33369,20.93261,19.84312,177.77542690342,51.3643210733518,4503874807267344
24.54272,23.21004,21.68114,20.45002,19.82098,177.775879994545,52.1153227890168,4503874773712896
24.04983,23.90898,22.71627,22.64238,22.66475,177.626663497602,52.6013291588564,4503874907930624
19.11289,17.2801,16.63974,16.43121,16.31921,177.389302301551,51.0193280115179,4503599895973904
24.77835,22.81335,21.52185,21.00739,20.3854,177.165076765676,51.146490240872,4503874773712896
22.03076,22.23901,22.19905,22.25645,21.54117,177.775849077845,52.5473644545635,4503874815688720
22.62979,20.52786,19.14576,18.33669,17.84595,177.775226119553,52.5457619215696,4503599895805968
21.36419,20.21876,20.26953,20.37038,20.16309,177.853364391276,52.6423634860391,4503874773712896
20.30275,19.80808,20.01327,20.25854,20.49393,177.774591806008,52.6659832918307,4503874773745664
21.29531,19.52305,18.75891,18.45504,18.31476,178.106992185005,52.6008943321705,4503599895838720
16.6185,15.28831,14.82079,14.93309,14.62876,177.492534179012,52.5925334104562,4503599988244552
24.28501,22.64306,21.92426,21.7342,22.03406,177.165807567244,52.5258213053959,4503599929360400
20.9471,19.01438,18.25746,17.96996,17.81074,177.164531026972,52.5017494286452,4503599895838720
17.87759,16.89044,16.5092,16.36192,16.29642,177.042976528601,52.5011997195208,4503599962947656
25.41397,24.15764,22.7801,21.57981,21.2621,178.064150518833,52.2807354705858,49539871047417856
23.39945,22.34291,22.36111,23.04848,21.96049,178.105199112456,52.2807534061419,2312598683801092120
24.13896,23.10836,22.07001,21.75071,21.63447,178.107375393923,52.1230229242513,4503599895805952
24.57644,22.21386,21.51885,21.27189,21.12883,178.062915442967,52.2922577287598,4503874773712896
24.11586,22.75448,21.33389,19.99035,19.31332,178.064223678913,52.093527408972,4503874773712896
24.53334,21.26596,19.89644,18.84575,18.25162,178.106021639223,52.2629692381413,4503874840854600
24.45818,23.8928,22.8127,22.75365,22.27931,178.108103109635,52.1994582222409,4503874807267352
25.46308,22.74983,22.57184,21.73581,22.60491,177.852430141652,52.2288347535737,4503874773712896
24.58179,22.73396,21.31883,19.3804,18.45591,177.625756156018,52.2412182193384,4503874773745680
21.63254,20.59046,20.24935,20.08626,20.09718,177.491783566776,52.2120980878605,4503874773745664
23.9169,22.28992,22.06669,21.69614,22.14606,177.165149302924,52.1932258580671,4503874773712896
24.33722,22.39497,20.89737,19.27335,18.5177,177.163872941528,52.134809002239,4503874773712896
24.54075,23.04254,22.39966,22.37014,21.30713,177.044741117367,52.1656797268701,4503600030023680
23.93085,21.17184,19.76603,18.58352,17.89063,177.045346276713,52.1422002317636,4503599895838720
15.99335,14.85224,14.47556,14.35863,14.34959,177.042580337259,52.1858557529189,4503599895838736
22.87432,22.34493,21.5913,21.39023,21.45394,177.043739967986,52.0763219135692,4503874773712896
20.78926,19.92124,19.64758,19.41006,19.57216,178.380377372569,51.8952341555065,4503599895838720
19.9897,17.42644,16.21018,15.76759,15.49867,178.381384558069,51.8376577161716,4503599895838720
20.46182,19.55872,19.32559,19.21844,19.11575,178.386815690862,51.7428506450416,4503599895838720
18.91319,17.55107,17.02269,16.856,16.76106,178.387146875688,51.8323615664033,4503599971336264
25.75545,24.03465,22.4438,21.07465,20.18698,178.105828202587,51.7245963294286,4503874916352000
25.74244,23.49709,21.61792,20.94071,20.37022,178.063479491981,51.7095530633865,4503874773712896
22.31438,20.66957,19.98926,19.73602,19.55171,178.063536557886,51.852909267195,4503874773712896
21.02419,20.06598,19.61923,19.45237,19.2033,178.394817587148,51.5836006935336,4503874773712896
22.67614,20.34766,18.83302,18.0807,17.61962,177.776008563563,51.8505057606182,4503599962947656
24.29711,22.3279,21.88293,21.66215,21.86477,177.680572039765,51.8224350939081,4503599929393168
19.02479,17.88831,17.42965,17.29471,17.2552,177.682469127051,51.7976571686449,4503599895838720
22.65366,21.92474,20.56508,19.46096,18.77882,177.491124511553,51.6970374702056,4503874782265360
25.25229,22.94474,21.93282,20.24711,19.30493,177.492827261654,51.6526706662011,4503874840821832
24.32676,23.00206,22.65704,22.28889,21.60542,177.390388930379,51.8054070063037,4503874773712896
25.0621,22.74726,22.03636,21.77331,22.09637,177.391261335575,51.8011386957778,4503874773745664
22.985,23.34994,22.5998,21.89673,22.4131,177.166791282499,51.6611489095361,49539871181635584
18.17221,15.93725,15.06687,14.81734,14.66531,177.164131150316,51.7375485972798,4503599895838736
24.48278,23.67097,22.74121,22.70815,22.66133,177.043415864354,51.8061661243809,4503874782101504
21.56936,20.57184,20.27849,20.08697,20.06572,178.380477822194,51.3829754567975,4503874773745664
22.97579,20.84718,19.36203,18.0529,17.36938,178.379482043933,51.3666868871974,4503599895838720
22.76268,21.82291,20.98121,20.50709,20.24154,178.105049250891,51.3666202644282,4503874773712896
22.91223,25.28026,22.47649,22.66778,21.80365,177.776508292744,51.3503387979598,4503874782101504
23.9386,22.68165,21.55322,20.68121,20.21493,177.775029456978,51.3186905777048,4503874907963392
20.08138,18.03993,17.23493,16.96232,16.78506,177.854330957801,51.3755320699804,4503599895838720
20.4071,19.94106,19.98758,19.92624,19.9201,177.851654704104,51.3630673828967,4503874773745664
19.79348,18.82533,18.55849,18.46009,18.45308,177.775597317153,51.3249593999476,4503599895838736
19.04112,17.94024,17.54906,17.40928,17.38434,177.680772679255,51.2683481377875,4503599895838720
21.21072,20.43418,20.15804,20.0092,20.06888,177.166339112979,51.372908833353,4503874773712912
21.26999,18.83222,17.42749,16.19326,15.52171,177.043819495712,51.3415725624013,4503599895838720
20.16971,18.14725,17.30675,17.02145,16.85454,177.04368727944,51.3252635096424,4503599895838736
23.51163,24.09002,23.05097,24.53576,22.46826,178.389757303829,52.7942485606987,4503874907930624
23.17558,20.64659,19.17781,18.10128,17.54162,178.3804728432,52.7594635151326,4503599904227328
24.56262,23.43244,21.93142,20.8625,20.52067,178.104735397263,52.8883849121158,4503874773713408
23.09241,23.02728,22.6512,22.30409,22.04851,178.061216347605,52.8226404487735,4503874907930624
26.11772,23.62946,21.95985,21.36189,21.14988,177.773898112563,52.8487215231847,4503874773712896
24.14332,23.49964,22.46153,21.37691,21.02194,177.680980399893,52.8613137891112,4503600038412544
23.85566,23.8779,22.00436,20.74464,20.27722,177.493035607633,52.7604716508228,4503874773712896
24.28851,23.29171,22.59786,22.04363,21.641,177.625723080942,52.7447428078248,4503599895805952
24.67656,21.37523,20.10251,19.21243,18.7415,177.490844495389,52.8164189359771,4503874773745664
23.50369,21.72701,20.29194,18.85287,18.19782,177.491863687469,52.8333554673903,4503874773745664
23.30892,23.7143,22.79906,23.01746,21.63835,177.163699738835,52.8620980780763,4503874773712896
24.07723,21.97241,20.42238,19.5355,19.14744,177.044431323371,52.6913225781595,4503874773745680
20.35622,17.84785,16.74852,16.3532,16.14177,177.1640076033,52.7104929148578,4503599895838736
24.78241,24.07273,23.00448,23.64065,23.05608,177.044351008397,52.8464304217816,4503874807300112
24.25074,24.36884,22.89314,23.16118,22.27756,177.04362746989,52.7064136111807,49539871089361168
20.10373,19.72266,19.52067,19.50098,19.43814,177.0448607528,52.7026440089871,4503599929393168
24.32967,22.62957,21.21517,19.69552,18.92342,178.39989659355,51.7027271328795,4503874782134288
24.39192,23.1007,22.66189,22.9646,22.08766,178.106780627441,52.4804659791594,4503874773712896
20.57439,19.2412,18.71409,18.49648,18.38941,178.404030557624,51.7863977659273,4503599895838720
24.12768,22.46619,20.95088,19.70119,19.04671,178.062912138589,52.3933273367189,2310346883987406864
19.97905,18.92163,18.43185,18.20437,18.1041,178.063533282214,52.5060615579122,4503599895838720
25.52004,22.76406,22.06395,21.82577,21.06011,177.85282555866,52.4602803528687,4503599895805952
23.45474,22.43963,20.98952,19.6081,18.81685,177.774388959912,52.3357908662504,4503874773712896
21.05333,18.71394,17.71616,17.30311,17.06892,177.853005778114,52.4841348939316,4503599895838720
25.29344,22.23443,20.86771,19.91498,19.33228,177.388437708124,52.3803560138188,4503874773712896
18.89083,17.88304,17.55225,17.4455,17.40182,177.682129464877,51.8737327985953,4503599904227840
24.93562,22.7373,21.28991,20.09495,19.55145,177.042415345771,51.8698435662827,4503874773745664
24.51692,23.47965,22.4941,22.24762,22.26066,177.045231639378,51.977348089772,4503874807267344
23.32336,23.41894,23.07394,22.39185,23.23685,178.383864752966,51.5648913691272,4503874807267344
24.73967,23.36943,20.35269,19.01834,18.5793,178.388671045959,51.6241877896302,4503599929393168
15.65182,14.57246,14.23573,14.11721,14.12415,178.387714234423,51.6178134061825,4503599929393168
18.7506,16.5885,15.80558,15.56878,15.46134,178.382436816788,51.4837184969047,4503599895838720
23.01954,21.97303,21.50155,21.4348,21.86693,178.105937214821,51.5766398557584,4503874773843984
21.81241,21.41126,21.0607,20.97032,21.14658,178.107393896022,51.4896445149661,4503874773745664
22.88111,20.84897,19.53468,18.79942,18.4424,178.061514797072,51.588934602423,4503599895838720
25.16353,23.68567,22.58599,22.06118,23.07261,177.679906164052,51.4759227054663,4503874782101760
24.03264,22.95596,21.90865,21.74917,20.58038,177.77684161101,51.6293900128246,4503874773712896
24.40355,22.54467,22.35713,22.03318,21.28309,177.559478658738,52.3695922128605,4503874773746944
23.99528,22.93542,21.38538,20.19915,19.43356,178.213113663894,52.3553367117986,4503874773745664
23.54098,23.20324,22.91488,24.21017,21.99484,177.560571459028,52.8768498554713,4503599929360400
22.13078,19.66989,18.27283,17.42293,16.97519,178.011393111787,52.8591201196458,4503599921004544
21.59636,20.18984,19.69367,19.43776,19.4051,178.099274354932,52.9033417891377,4503874840821832
22.26514,21.20047,20.85565,20.94441,20.89477,177.132935333674,51.6266536154415,4503874773843984
25.57662,23.25205,22.72808,22.39972,22.19551,177.133058885141,52.0841924830593,49539871181668352
20.17659,18.70447,18.10807,17.88038,17.75995,177.360393511265,51.097751490802,4503599895969808
16.73643,15.39603,14.95237,14.81397,14.77582,177.359802030159,51.0526723285058,4503599929524240
19.88344,19.81418,19.80779,19.60416,19.46258,178.118495450471,52.5928730259195,2310346883987406864
20.66246,18.11724,16.7026,15.71723,15.19277,178.120915721659,52.5276309395921,4503599962947656
20.35016,17.76965,16.38548,15.76172,15.42644,178.011752065181,52.5620575081411,4503599895838720
24.53078,24.08151,22.5193,21.80623,21.51321,177.694819755023,52.1377071930126,4503874773712896
24.77779,24.08173,22.79741,21.61494,21.73225,177.692895799923,52.1199079267896,4503600038412288
22.08539,22.4827,22.2289,21.82767,21.14891,177.35845654164,52.1273242898381,4503874773712896
24.00657,22.74042,21.86129,21.77679,22.1366,177.131309304338,51.7493520470109,4503874773712896
24.35689,23.39502,22.80369,23.32497,22.30216,177.09847107079,51.7126107637451,4503599904194560
24.19796,22.69605,21.9495,21.70531,21.44672,177.695460436047,51.3562441881272,4503874907930624
24.64478,22.55197,21.37777,21.29092,20.85952,177.695832552649,51.3261163496214,4503874773712896
24.10974,22.67973,22.20559,21.78573,21.74581,178.571382305363,52.9599780253607,6755674587398160
19.29585,19.08887,18.89743,18.78476,18.57594,178.099810863622,52.7741883079155,4503599895838720
24.42885,25.12094,23.00333,24.37045,22.93228,177.09838280901,52.7353451544703,4503600030023680
23.02642,23.98999,23.05532,23.99483,21.80076,178.009580515878,52.3539227164139,4503874815655960
23.91957,20.64944,19.36589,18.80976,18.55003,178.010009131665,52.3521734093716,2310346609109499920
25.99627,23.12015,21.58253,20.24744,19.41926,177.292386106997,52.4100496038995,4503874773712896
21.48187,21.20725,21.02457,20.89995,20.43088,177.696008117488,51.5647453736865,4503874782134272
20.8856,18.67812,17.79677,17.46849,17.27868,177.874642885171,51.5118062523521,4503599895838720
25.10203,23.40516,22.24696,21.48473,20.6356,177.420464597497,51.4307281857592,4503874807267344
16.61494,15.10991,14.61088,14.42248,14.34483,178.009451641395,51.0819252031024,4503599895838720
18.94185,16.41191,15.25932,14.82232,14.58329,177.872007693641,51.0530727522337,4503599895838736
24.81439,23.8506,22.80562,22.18799,22.45597,177.692958713263,51.1569398839095,4503600030023680
24.43462,23.23983,22.74734,22.3928,21.71215,177.292834999831,51.0834810060898,4503874807300112
24.49633,25.54662,22.20603,23.97987,23.45805,177.360561887398,51.0341453464284,4503599929360400
24.83687,23.00682,22.04086,21.46977,21.91814,177.09843796067,51.1032708033933,4503874807300112
24.15743,24.06761,22.18857,21.05704,20.50245,177.098060977163,51.1026673078869,4503599929360400
23.90366,22.95633,21.63243,21.31924,22.16958,177.420026081215,52.5500661935647,4503874773712896
25.44086,22.08669,20.6523,19.85924,19.44633,177.360974424883,52.6190126957578,4503874773745680
21.20516,20.25625,19.90584,19.77187,19.57406,177.421241349004,52.6151442897491,4503599895805968
22.92005,19.51765,18.04566,17.21678,16.7159,177.131905793405,52.6045617070198,4503599921004544
23.73038,23.60608,21.9664,21.68571,21.09488,178.119336117927,52.286045848338,4503599895805952
24.55818,24.03681,23.19134,24.36324,22.45245,178.121382138191,52.2392316885754,2310346609109499920
23.36968,21.51412,20.11184,18.95894,18.37186,178.011119436443,52.2397483444303,4503874773712896
20.15015,18.40395,17.70674,17.43746,17.29654,178.211852043702,52.2157482722087,4503599895838736
23.87708,23.58141,22.32163,22.08936,21.41199,178.010665154444,52.2142016067596,4503874773712896
24.55181,23.12901,21.98291,20.60659,20.09868,178.00958510341,52.1548114511868,4503874807267344
24.08808,23.51277,22.56037,22.8406,22.00326,177.562685693095,52.0793994731276,4503599904195072
25.3001,23.75707,21.76155,19.88381,18.87397,177.359580426072,52.2060199798136,4503874773712912
21.73134,20.7615,20.41887,20.21364,20.0532,177.421666962097,52.1035184936253,4503874773745664
22.05249,20.94921,20.70613,20.63104,20.84815,177.422511075191,52.0683270077391,4503874773712896
23.9001,21.27197,19.64885,18.50421,17.87553,177.293130082439,52.183893872188,4503599895838720
24.31964,20.94862,19.44224,18.67318,18.2779,177.098356844624,52.043059687722,4503599895969792
23.85219,23.45786,22.31395,21.61412,20.90366,178.213178676063,51.8647477971963,4503874773712896
25.34675,24.14337,22.57415,21.84725,20.61514,178.099883060503,51.7925518403535,4503600097132617
24.53852,23.19036,21.5949,20.31693,19.45764,178.21245616403,51.7128307855363,4503874773745664
20.7667,18.84413,18.00383,17.71312,17.58095,178.121033647529,51.8174189399323,4503599895838736
18.82879,17.11571,16.4859,16.29989,16.18579,178.214057665141,51.69996200513,4503599895838720
16.95356,15.15553,14.47782,14.24144,14.07513,178.100158729508,51.7740857525672,4503599895969808
23.35954,23.27519,22.80293,22.873,22.93487,178.011554651404,51.6932176085596,4503874907930624
25.0165,24.09701,22.26,22.16641,21.80524,177.560725725208,51.822890717119,6755674620952592
25.41363,22.90684,21.49609,20.13366,19.35885,177.562456442757,51.6899439770845,4503874773712896
23.2653,23.34199,22.52978,22.09714,21.6863,177.35992344201,51.6627004270241,4503874782101760
25.26742,23.24631,21.86271,20.69942,19.97073,177.358706587734,51.683803268186,4503874773712896
24.08543,22.96582,21.53264,20.11348,19.18626,177.358885024008,51.6478709121858,4503874782134272
23.08434,21.0316,20.1664,19.77768,19.53341,177.360570233745,51.6286172574843,4503874773712912
22.61243,20.39029,18.99999,18.08063,17.49449,177.29010534152,51.7629386186454,4503599921004544
20.9831,20.05059,19.87324,19.76385,19.61617,177.130474921387,51.8146372143336,4503874773745664
21.7551,19.31829,17.75949,16.79182,16.18283,177.132852383393,51.6606762060804,4503599895838736
17.8808,15.46057,14.37928,13.9968,13.72367,177.293176994148,51.7263760856076,4503599895973904
24.27479,23.55054,22.76185,24.42027,22.04442,177.098220865964,51.8060791208977,4503874782101760
24.88596,24.40489,22.05289,21.14126,20.4476,177.130372985671,51.6183317170732,4503874916319232
19.95028,18.76299,18.21232,17.99165,17.81636,177.099405890505,51.6526494285831,4503599895969808
18.88687,17.31972,16.70399,16.46906,16.5762,177.098502282015,51.7487650256734,4503599895973904
18.03391,16.74365,16.24266,16.08653,15.99237,177.097839093275,51.7467312253477,4503599895838736
25.80124,23.63974,22.12281,21.47699,20.70345,178.098684867097,51.2914070119723,4503874773712896
25.09862,23.12762,22.20819,22.00898,21.82433,178.098601023011,51.2697565634849,4503874773712896
24.45143,23.49948,21.54669,20.32761,19.65805,178.009498576919,51.4348053018416,4503874773712896
24.18342,22.7939,21.50392,19.91525,19.0913,178.121602604066,51.2748445557515,4503874773712896
23.63587,21.61853,20.73615,20.51016,20.06728,178.098183728197,51.4124438747207,4503874773712896
23.08724,21.69523,21.25891,20.9855,20.8518,178.098751696181,51.2752727924978,4503874773712896
24.68256,21.61743,20.03131,18.59435,17.84948,178.118814510309,51.4040931319526,4503874773712896
24.39498,21.45769,19.96661,18.75606,18.19873,178.099457240123,51.3187242604831,4503874773848080
22.65154,21.33821,21.00381,20.741,20.58204,177.874066725123,51.2604791446109,4503874773745664
22.602,20.87736,20.17459,19.86649,19.75141,177.873405546398,51.2474325969285,4503874773745664
24.78912,23.03944,21.71187,20.35184,19.55901,177.41938485267,51.318823079394,4503874773712896
24.73816,22.58646,21.51834,20.41072,19.90368,177.358886220974,51.2461960879377,4503874773746944
22.35054,19.64821,18.26937,17.54751,17.12612,177.292046805879,51.2840888393873,4503599895838720
24.50167,21.20115,19.63403,18.78333,18.3572,177.359259961518,51.3925356106417,4503599895838736
18.22811,17.13105,16.74591,16.59822,16.5124,177.359423947006,51.3932787298537,4503599895838736
22.66344,22.14946,22.09191,21.49084,20.70879,177.361064045978,51.2910652500603,4573968673538065
23.74214,24.23949,22.38242,21.6358,21.27856,177.130447511382,51.3549224343473,4503874782101504
25.05739,23.29529,22.4299,22.03554,21.29189,177.132896777638,51.2423893763104,4503874907964672
24.45218,23.94544,22.34638,22.15628,21.38647,178.571427112925,52.8330621671834,4503874773712896
25.05078,24.09199,22.47019,22.03375,21.05367,177.692988878129,52.9407992258594,4503874773712896
23.57556,21.09106,19.64175,18.67715,18.19501,178.211960606647,52.9358089143771,4503599895838720
25.55915,23.90697,22.79008,22.42243,22.20667,178.120533054686,52.745153283196,4503874907930624
24.53826,24.18402,22.92551,21.49266,20.85931,178.09959957281,52.8611031440839,2310346609117888528
24.0837,24.52058,22.12799,21.79446,21.17575,178.598382340143,52.7980438516356,2310346883995795472
22.03849,20.92381,20.17837,19.92519,19.80099,177.857031096744,51.0827264048505,4503874773745664
23.95503,22.07533,21.73794,21.68542,21.33875,177.778544283475,51.0676505933547,4503874815688728
23.7716,22.32112,21.4297,21.01738,20.67405,177.777883851797,51.5212056285971,4503599895838720
25.01723,21.11065,19.60452,18.43803,17.83268,177.778828579311,52.5155455753326,4503599929393168
25.12343,21.98203,20.54768,19.1184,18.33141,177.077649540601,52.4627441261959,4503874773712896
19.5799,17.86586,17.20178,16.92658,16.767,177.175915434184,52.4982942574527,4503599895973888
18.95449,17.88222,17.46982,17.32588,17.25588,177.079130399341,52.4581407208103,4503599895838720
25.31917,24.02595,22.72435,22.5552,22.55356,178.07244653956,52.2231344289948,4503874907930624
17.53329,16.55377,16.28009,16.15585,16.13283,178.071319612052,52.265958136137,4503599895838720
19.1039,17.50159,16.87683,16.63823,16.52142,177.854961828435,52.1785208575124,4503599895838720
22.80823,20.76174,19.41072,18.13754,17.49374,177.079560886814,52.1188093249419,4503599895838744
23.63781,24.61589,22.50412,22.60924,21.83466,178.071105699952,51.8652918633872,4503599895805952
20.89217,19.89841,19.60512,19.4739,19.34904,177.688269522944,51.8370089847963,4503599895838736
23.31463,23.69683,22.49555,21.53228,21.0871,177.176538515751,51.7708633708802,4503599904195072
25.37025,23.15984,21.8894,21.18496,20.72372,177.333144363928,51.7438848679351,4503874773746944