u,g,r,i,z,ra,dec,flags_r
19.93655,18.69218,18.21358,17.85752,17.59752,177.091810572179,51.0991542133896,6755674587430928
23.13311,21.28142,20.60033,20.23034,20.46459,177.089970427462,51.0006326686546,4503874840854600
25.50945,22.75958,20.88856,20.36899,19.90246,177.089945698961,51.15219819764,4503874773745664
25.80425,22.48107,22.4129,21.79836,22.13355,177.092303410421,51.1550821732277,4503874773745664
24.12917,22.45111,20.89302,20.37672,19.69764,177.189682775926,51.0707283195501,6755674587432208
23.11009,21.80638,21.16088,21.00654,21.46626,177.092853347422,51.1096585511136,4503874773712896
23.25292,22.97413,22.19012,21.8465,21.0807,177.188717059236,51.1026067513161,4503874773712896
20.3674,20.049,19.53083,19.32478,18.913,177.297086592392,51.0881281836368,4503599895969808
23.47117,22.08445,21.34989,21.04553,21.02527,177.299267916832,51.1633859331141,4503874773712896
21.73118,21.01149,20.13796,19.85709,19.45072,177.299855240978,51.1755174344322,4503874773745664
23.62948,22.27477,20.68615,20.05556,19.57681,177.410736835712,51.0761041355827,2312598683801124880
23.25142,22.46157,21.73792,21.44569,21.46058,177.298200907903,51.1611456734269,4503874773712896
20.7576,19.46612,18.55551,18.1285,17.69398,177.090461766815,51.4310360602672,4503874840854600
21.51322,20.82333,20.09422,19.86615,19.53139,177.091265171065,51.4369889330569,4503874773745664
23.8175,24.48942,22.65159,21.7247,21.75545,177.09233528141,51.4204317109516,4503874907930624
23.25106,24.34261,22.53235,21.09926,20.55243,177.091564486847,51.4497231191317,6755674721615896
23.11109,22.17478,21.23684,20.78996,20.84628,177.189182413942,51.595987637508,4503874773712896
23.92768,22.36835,21.24939,21.2276,20.74878,177.298981805649,51.5481688404697,4503874773712896
23.40316,20.58163,19.50051,19.00613,18.66532,177.299552561514,51.5857362789246,4503874773745680
22.36089,21.06296,20.15281,19.74496,19.63819,177.299447163821,51.618647149235,4503874773745680
26.02479,24.22045,22.70694,22.61173,23.25668,177.296779796661,51.5598347029593,4503600038412544
20.31362,19.49627,19.2534,19.13391,18.95968,177.412106606954,51.5329201122279,4503874773876736
24.26788,23.44966,22.60182,23.05507,22.15647,177.411051338932,51.4714902285565,2357634680074797072
22.11894,21.63741,21.08885,20.78471,20.49935,177.409961027192,51.5072627817606,6755674595819792
26.17909,24.20662,22.5745,21.59089,21.65315,177.411513530862,51.4238608813207,4503599895805952
25.85401,24.8824,22.00334,22.06558,21.80137,177.41180979974,51.5839901796572,4503874773745664
23.63205,22.00128,20.78028,20.26699,19.84313,177.090615881997,51.8244132399737,6755674587398160
23.12498,20.48316,18.8624,18.17923,17.75111,177.091867816321,51.8323998883386,4503874773876736
25.19084,23.25255,21.04307,20.02887,19.46929,177.188229801124,51.971254011375,2312598408923217936
18.81316,17.48461,17.01376,16.73363,16.53146,177.298909288687,51.8400568248059,6755674587430928
23.65995,22.31675,21.88954,21.82487,21.61509,177.089545201652,51.8730842026136,4503874782134528
24.06917,22.3266,21.88951,21.57799,21.63402,177.090493843179,51.9355858458308,4503874773712896
23.58006,22.47118,21.75885,21.23737,21.01921,177.189024144948,51.9408796832214,4503874773712896
23.96528,23.43599,21.64836,20.64163,20.38781,177.188183101278,51.9639720958295,2310346883995795472
24.59752,21.91074,21.14197,21.27851,20.51188,177.29985605385,51.9658459475022,4503874773745664
23.32041,23.47703,22.54136,21.26876,21.04611,177.090892487428,51.9140920349057,4503874782102016
26.32515,23.00914,22.23267,22.24253,23.0096,177.19050673626,52.0224390797661,4503874782101760
23.02208,22.46339,21.24962,20.85172,20.31308,177.411332017017,51.967279415492,4503874773745664
20.75649,20.28004,19.85591,19.72771,19.84751,177.188750089747,52.4504395393275,6755674587430928
25.22136,24.17354,22.31437,21.90112,23.93501,177.089629289823,52.2542916645299,2310346883995795736
24.56674,23.95304,22.5995,21.79098,22.63894,177.091911423947,52.3158185560055,6755674595786768
21.58085,20.58257,20.20889,19.91928,19.42814,177.188785197643,52.3579457679166,4503874773745664
25.74708,23.26464,21.85628,20.78882,20.70019,177.090019163182,52.2753464697921,4503874773712896
24.39649,23.76941,22.39275,22.94735,23.42831,177.190662579043,52.3509160713701,4503874773712896
22.64082,23.24523,22.00721,21.49174,21.5109,177.189332346467,52.3718844843806,4503874916352256
23.90201,23.40794,21.55422,20.70981,20.19275,177.411640818237,52.2930084527448,4503599929360400
24.83856,24.06573,22.50963,21.76817,21.07796,177.411149075418,52.294108878778,4503874807300120
25.60018,23.06549,21.42113,20.85937,20.14728,177.299458569001,52.3023922158758,4503874840855880
23.7381,23.03859,22.34985,21.85148,21.64374,177.298026408007,52.4427135278369,4503599904194560
22.82543,23.20393,21.68796,21.54761,22.35604,177.297659105631,52.2957501890624,4503874773746944
21.8596,22.28486,21.43558,21.08643,21.09594,177.09052851766,52.6629030299125,4503874773712896
23.54592,22.34804,21.80896,21.66174,20.93755,177.089922806665,52.8175144883436,4503874773712896
25.51023,24.4584,22.61085,21.94697,21.3493,177.091508532503,52.7117835169863,49539871047417856
21.63498,21.52652,21.30185,20.8107,20.84529,177.410267389178,52.8101586135518,4503874773745664
23.84921,23.73444,22.66853,22.08687,22.69888,177.188987662146,52.8663453414519,4573968673538065
23.44948,22.69754,22.10225,21.51522,22.70126,177.297951931938,52.718028806508,2312598683801092112
23.99121,23.01724,21.81182,21.38449,20.7741,177.296888917852,52.7422050084795,2312598683801124880
22.83034,21.77162,20.63669,20.15692,19.99147,177.40919693791,52.7361799927363,4503874773745664
24.25315,21.43619,19.67224,18.97858,18.49093,177.412283209033,52.7735023772119,4503874773745664
23.51356,23.1723,22.52894,22.07031,21.73937,177.409722440798,52.7951633876498,4503874916319488
23.46899,23.30235,21.82427,20.95532,20.64072,177.411136486541,52.7130812743658,4503874773746944
24.18757,23.01509,21.45796,21.03065,20.67528,177.410021139173,52.7796562252817,4503874773746944
22.10246,22.25053,21.18717,20.88812,20.40736,177.412125964146,52.8925208536797,4503874782134272
21.58366,21.85118,21.19987,21.02198,20.51261,177.092004417766,51.3517846973622,4503874983460936
20.86442,20.04012,19.48705,19.25161,19.33297,177.190565193345,51.2694715563879,4503874773745664
23.07615,21.53356,19.88495,19.10627,18.61153,177.189596679067,51.2638189562702,6755674587430928
22.42347,23.12974,22.45747,22.65453,21.58304,177.190176866881,51.2232784946635,13511074028453888
22.85555,23.39496,22.02184,21.88362,21.41379,177.190322388762,51.238980548548,4503874773712896
22.29558,21.00787,20.17774,20.12177,20.20836,177.189390993263,51.3821699275973,4503874840854600
24.42401,23.28866,22.45408,21.6847,20.42558,177.298021556608,51.3026021155871,4503874916319232
22.93901,23.07725,22.22196,21.953,21.28465,177.298734593817,51.345730453302,4503874782101760
22.54478,22.54078,21.36594,21.54893,20.84986,177.411627615303,51.3138945671682,4503874773712896
23.83673,22.86459,21.94565,21.89809,20.96839,177.411134149512,51.3240820132033,4503874907930624
22.84171,23.00374,22.39662,22.05688,21.11334,177.092423478044,51.6394389590556,4503874782134528
26.18656,22.14517,20.5848,20.08343,19.61597,177.092172319106,51.6721075125595,6755674587562000
19.62142,18.17893,17.31793,16.88306,16.63147,177.190586591529,51.6180885599637,6755674587430928
23.70153,20.70859,19.14689,18.55411,18.16445,177.189746981349,51.6911436759203,6755674587566096
21.81699,21.09229,20.81368,20.47849,20.55512,177.298824504134,51.6837183877622,4503874773745664
23.10635,21.6818,20.64637,20.59265,20.38145,177.296644936619,51.6347735391272,4503874773745664
23.6265,21.04611,20.03273,19.68416,19.45305,177.299996049791,51.6607815515877,4503874773745664
23.60115,22.36833,21.57664,21.70943,21.06437,177.409791848676,51.6790257443364,4503874773712896
22.94593,23.08996,21.68131,20.52175,20.08672,177.409369768715,51.8301783567229,4503874773746944
21.61133,20.84577,19.58252,19.07851,18.69771,177.091557073155,52.1862205671481,4503874773745664
22.06398,21.64798,21.00649,20.64042,20.21024,177.297225640091,52.0953183537866,4503874773712920
22.98643,22.46088,21.61811,21.11964,20.82958,177.089542935681,52.0310272598549,4503874782134272
23.09176,22.66295,21.12898,19.91973,19.63508,177.090277708666,52.0760574448739,4503874773745664
22.23749,20.64631,20.38618,20.25774,20.2972,177.090374704488,52.1067505645645,4503874773712896
23.28715,22.65774,21.66768,21.21519,21.19897,177.187541033512,52.0466944989549,2310346883987406872
23.57273,23.22194,22.33706,22.36542,20.68779,177.187962437604,52.0486866011175,4503874807398416
25.41986,23.22754,21.65689,20.4258,19.84308,177.09065474523,52.068110693751,6755674595950864
23.0063,22.39664,21.59935,20.70997,20.39841,177.299139203329,52.2049264288289,4503874782134784
22.32807,21.29,20.98241,20.74347,21.17613,177.412185867217,52.1354537454092,4503874773712896
22.04005,20.6076,19.82749,19.59473,19.24142,177.092025741632,52.4695191877495,6755674587430928
25.32581,22.13941,21.88457,21.65538,22.82741,177.09280395635,52.4682155458788,2355382880269533200
24.96612,23.28818,22.61296,23.31126,23.27493,177.090427328045,52.6402616051526,4503599895805952
20.91024,20.2389,19.79679,19.33906,19.01308,177.409678250004,52.5906635415008,4503874773745680
24.46314,22.01976,20.64553,20.26682,21.91156,177.297170509504,52.5366248453894,2312598683801124880
22.55932,22.81694,21.76193,21.3528,20.58714,177.132893337618,51.0551307783966,4503874773712896
23.55761,22.84242,21.65134,21.01889,20.51581,177.349782430213,51.1663339328453,6755674620952592
26.76744,24.23906,21.49233,20.73241,19.89791,177.239499042507,51.1030815706484,4503874916352016
23.0364,22.65883,21.80635,21.63442,21.57698,177.348140531679,51.0886385061649,4503874773882136
23.09912,23.44527,21.59975,21.1756,22.08639,177.455964082414,51.0303799994585,2310346883987406864
22.98841,21.75697,20.76077,20.38581,20.03811,177.456950077267,51.0457041702737,4503874782134272
21.60739,22.05626,21.4794,21.73305,21.03613,177.456877564405,51.0611119158688,4503874773712896
24.63251,22.76135,21.48979,20.46097,20.16904,177.457304532138,51.1093540975852,4503874773712896
23.17693,22.04403,21.31598,20.93375,20.62079,177.456649286063,51.1235897243102,4503874773745664
25.79265,22.8817,21.65206,22.05188,21.05587,177.240820377321,51.1140812357759,6755674595819536
23.18738,22.83842,21.67516,21.19517,21.22243,177.239825858042,51.1183124958682,4503874782101504
23.24521,23.23124,22.16863,21.02423,20.38807,177.348709552545,51.0856904854641,4503874773712896
22.12593,21.86392,21.61093,21.35464,22.2283,177.018368218711,51.464364514258,2310346883987406872
23.26627,22.73648,22.21484,21.99518,21.51598,177.018814235729,51.4425884114514,4503874773712896
22.91486,22.07366,21.02362,20.59453,20.87902,177.020246014137,51.5995323830002,4503874773745664
23.22117,23.15091,22.16509,22.40952,22.15202,177.018238436222,51.5683621014966,4503874773712896
24.33025,23.61034,21.89079,21.35595,21.18386,177.132663559221,51.419471720223,4503874773712896
21.84355,21.86344,21.56557,21.22796,22.1137,177.240752856323,51.549273632586,4503874773712912
24.61667,22.89476,21.24646,21.09882,21.65215,177.241294920636,51.5499506074129,2312598683801092112
22.32782,20.63366,19.75667,19.31691,18.96979,177.242214079443,51.5444469421491,4503874773745664
23.49026,23.5453,22.62717,23.45003,22.97213,177.240948721422,51.4291182791021,4503874916344064
25.49302,24.77728,22.65156,22.961,22.11774,177.241906002891,51.5003109396002,4503874907930624
24.62419,22.87759,21.86438,21.67929,21.14029,177.242498060387,51.5096462407813,4503874782101760
24.88735,23.5574,22.22289,21.75856,21.22134,177.348233467267,51.4189476387104,4503874773712896
20.92845,19.08468,17.98426,17.55514,17.19661,177.457421522736,51.4277442150977,4503874773745664
23.28263,22.12353,20.89472,20.75692,20.31527,177.455903737555,51.4572400495565,4503874773745664
23.26361,23.10177,22.17019,22.42284,21.54556,177.456408253658,51.5451986512566,4503874782134528
22.72601,22.85873,22.11082,21.88075,21.47178,177.018382405748,51.9752812692586,4503874773712896
23.24728,21.79172,21.1223,21.0026,20.6075,177.133184391448,51.8841308727666,2312598683801124880
22.90241,23.03814,22.41861,22.10803,21.88668,177.350983785482,51.9569161206824,6755674620985360
20.03148,18.9514,18.47761,18.214,18.0249,177.458734813429,51.9049350072598,6755674587430928
22.42629,21.34598,20.11741,19.58564,19.23808,177.348137490704,51.8592631816117,4503874840821832
23.49049,22.2976,21.31962,20.83651,20.44133,177.45868127388,52.0474407874343,4503874773712896
22.88583,23.19258,22.97685,22.3282,21.90371,177.131691843721,52.3081070954904,4503874815656216
23.34492,21.28839,19.7525,19.16912,18.93499,177.019472934831,52.4349940429611,4503874773745664
24.58739,24.04619,22.39633,22.32948,21.90348,177.132126772919,52.4373358438601,4503874782134528
22.85952,23.1149,21.70235,21.26847,21.47599,177.239918472169,52.3213320034085,4503874773712896
24.38908,22.75776,22.34953,21.76308,22.35038,177.351034159176,52.2944128908985,4503874807267352
22.78433,22.88064,21.8169,21.14807,20.37893,177.018565855475,52.7903266371712,4503874773712896
22.62498,22.16526,20.50838,19.76641,19.3845,177.021135836612,52.8280025894761,4503874773745664
22.84443,22.41378,21.61666,21.12064,20.43401,177.130933310844,52.7453659391075,4503874773712896
22.8178,22.21482,21.55073,21.3576,20.76377,177.132834554678,52.8542973679387,4503874773712896
23.74387,22.27701,21.83022,21.7295,21.24936,177.130737324795,52.8642401710973,4503874773712896
21.49457,20.05016,19.06189,18.72545,18.39919,177.242348570705,52.7364605103364,4503874773745664
25.28113,23.10217,22.20455,22.54381,21.77954,177.24105083027,52.7108884567844,4503874907963392
24.99209,23.01664,21.84788,21.2185,21.0798,177.349214936412,52.7592050909336,4503874773712896
22.36667,21.97498,20.68472,20.27853,19.89493,177.458754982576,52.6849202196423,4503874773745664
22.54844,21.29385,20.32811,19.93329,20.03313,177.458565247214,52.706010436105,4503874773745664
25.1659,20.94459,20.08033,19.74766,19.4966,177.018639955357,51.2710986912264,4503874773882128
22.7786,22.45818,21.65005,21.2349,20.64888,177.020720763264,51.2251596156028,4503874840821832
21.33646,20.80235,20.17279,20.23722,19.70116,177.131408381826,51.2086854594731,4503874773712896
23.71392,22.1761,21.30614,20.83147,20.23821,177.021357457849,51.1825698761442,4503874807267344
23.95305,23.71305,22.36587,22.54228,21.84369,177.018655112931,51.3301395383545,4503874773712896
23.14797,23.78458,21.9693,21.20912,20.96479,177.132237924871,51.2262899270495,4503874773712896
23.73207,22.37379,22.09664,22.5293,22.99926,177.349981293905,51.2624103109968,2310346883995828248
22.18947,23.00144,21.6095,21.27911,20.8591,177.241410403234,51.2689712352209,4503874916352256
23.42286,23.50722,21.68063,21.63704,20.46828,177.349939638963,51.242561623705,4503874916352256
23.75996,23.89548,21.62469,20.30764,19.63897,177.349945415207,51.3901715789535,13511074171060224
25.61077,22.97619,21.21071,19.94564,20.11707,177.349845344661,51.4018736180348,4503874907964672
22.91206,21.81618,20.51825,19.98294,19.60119,177.456822373763,51.3866098308965,4503874773745664
24.12966,24.47286,22.12595,21.73552,21.79189,177.457475388426,51.3896356538912,4503874782101760
23.43006,24.34264,22.15263,21.35514,20.45764,177.020644897141,51.7283709725756,4503874773712896
23.48814,23.15455,22.18799,21.62246,20.99376,177.132822045252,51.6132721554513,49539871047417856
25.72941,22.841,20.52631,19.00553,18.19085,177.34945241661,51.6639662780534,4503599895840016
24.48615,25.21129,22.61043,21.05779,22.32881,177.24016629863,51.6445415109018,2310346883995811856
24.0859,22.81789,21.89437,21.81161,21.54396,177.240960838175,51.6568460107328,4503874782101504
23.97764,22.64011,21.28071,21.23602,20.2075,177.240847539874,51.7271897263512,4503874840855880
22.18024,21.1241,20.73233,20.65004,20.50894,177.349821099073,51.7889824070225,6755674595950616
23.05723,22.7995,22.14537,21.9327,21.60538,177.350629022501,51.7783301302303,4503874773712896
25.31096,23.89572,22.55026,21.69151,21.27739,177.24108993609,51.7679353556929,4503874907963392
24.05371,22.95313,22.30578,21.8438,21.68327,177.457319360771,51.7173544021559,4503874916319232
22.96423,22.89372,21.91073,21.29267,21.31455,177.458038905108,51.7417611536331,4503874773745664
23.10621,23.50417,22.23638,21.42228,21.27301,177.349547716585,51.819068420282,4503874773712896
24.01854,23.98184,22.40249,21.65571,20.56894,177.019919740714,52.2045173559109,4503874773712896
20.95583,19.92768,19.37713,19.0026,18.83079,177.240865526223,52.1383658025516,6755674587562000
22.20321,20.65058,20.47611,20.13886,19.81201,177.130942794789,52.1099674021314,4503874773745664
24.12976,23.27807,22.54984,22.07236,21.67041,177.131212004272,52.1559310291524,4503874840821832
22.93512,22.61121,21.57351,20.47354,19.98352,177.242269199364,52.0700005566705,6755674587398160
23.31775,22.76779,22.16872,21.76888,21.22684,177.242547570075,52.1519209520584,4503874907963392
24.77645,21.95867,21.40237,21.24424,20.82728,177.241357380403,52.2463329478031,4503874782134528
23.2018,23.30845,22.49918,21.81081,21.56517,177.24146965922,52.1656624589997,4503874773712896
23.75966,22.03247,20.59807,20.02782,19.50071,177.350755204778,52.221765968732,4503874773745664
21.11518,21.69657,20.23946,19.48472,18.91293,177.458468289891,52.0915930456723,4503874849243209
24.116,22.54723,20.84262,19.82328,19.49127,177.457239865375,52.173235206438,4503874773745664
22.84558,22.57756,22.58219,22.07635,22.4216,177.131074279622,52.4889982251333,4503599904194816
23.49124,23.19687,22.06798,21.90064,21.07785,177.01886878787,52.5344446981382,4503874782101760
25.94484,23.97837,22.74474,22.08306,21.7799,177.018585724239,52.5852437289856,13511074028453888
24.02156,23.60363,22.41335,22.25111,21.72569,177.020558650641,52.592830741814,4503874782134528
23.94838,24.06063,21.79516,21.18648,20.63743,177.131098466187,52.5987266071978,4503874773712896
25.57168,22.90823,22.17956,21.63535,21.2985,177.132880817654,52.6581037773274,4503874773712896
23.70295,21.21762,19.60247,18.92803,18.55357,177.456926466887,52.5543064427111,4503874773876752
23.77447,22.91515,21.88835,21.42612,22.21732,177.350083674095,52.599923525973,2310346883987537936
24.02885,22.6915,21.95022,21.45055,21.13726,177.456032145526,52.6075466839399,4503874773712896
22.17185,22.30047,21.05646,20.48812,19.86392,177.240631612611,52.4774438593591,4503874773746944
23.89777,23.82344,22.2018,21.70572,21.73386,177.456648509121,52.5355164625726,4503874773745664
24.01202,21.87469,21.32416,21.19427,21.38798,177.456675279861,52.6757216090914,2312598683801124880
25.025,23.29697,21.81354,21.1539,24.51634,177.456224535189,52.6652636204472,4503874773745664
25.36463,24.37398,22.73649,22.92876,20.99742,177.154315444571,51.1059170586827,4503874807267344
19.06608,18.0525,17.64738,17.37033,17.11744,177.15561652739,51.0154038906585,6755674587430928
23.25727,22.38911,20.74351,20.12621,19.72307,177.046570180425,51.0576069538513,4503874773746176
23.16061,23.72692,22.15174,22.57683,22.24963,177.046693214173,51.0621460824678,4503600038445312
24.43104,22.51681,21.67335,20.84752,20.37197,177.271743995915,51.0457574363926,2312598683801255952
24.41514,24.30012,22.25408,22.27229,21.28723,177.392288211591,51.0569666994126,6755674620952592
22.95583,22.26043,21.02011,20.32736,20.15561,177.391906440455,51.0442717847892,4503874773746944
24.66441,23.67632,22.72706,22.08352,21.30318,177.391888085604,51.1751198180328,49539871047417856
23.74387,22.28465,21.71207,21.02777,20.50404,177.519971976415,51.0064372748403,6755674620985360
23.5657,22.50939,21.82272,21.61438,21.52555,177.519485369272,51.0854643259134,4503874782101504
22.9672,22.53227,21.93603,21.54744,20.73499,177.519145207425,51.1717276874927,4503874840854600
23.04909,21.8851,20.3727,19.6463,19.28276,177.155379090476,51.4132358324164,6755674587562000
21.94397,22.2109,21.85169,21.55677,21.12275,177.155761672832,51.4439832311697,4503874773712896
24.1131,23.06108,21.97283,21.31885,20.71305,177.046804101306,51.4618115183119,6755674587398160
25.53917,22.7721,22.10305,22.42846,21.11001,177.047631022351,51.4694111213766,4503874773712896
22.56233,20.9012,20.04877,19.71555,19.29981,177.047781856633,51.55890133658,4503874773876736
23.20283,21.75681,20.32928,19.58487,19.19943,177.15498279402,51.4233637503274,4503874773745664
24.43075,22.54223,21.71453,21.28155,20.61569,177.155736689827,51.4685250574656,4503874773712896
23.71786,22.92652,22.17858,22.1325,22.48451,177.154183953334,51.485955160913,2310346883987406864
19.36458,17.09473,16.01705,15.56901,15.23837,177.27168775287,51.5821514845109,6755674587562000
21.18054,19.64645,18.59809,18.23774,17.84815,177.270908916015,51.5958101576366,4503874773745680
22.43906,19.64701,18.04761,17.4335,17.02494,177.271793990356,51.5800692449011,4503874782265616
23.72631,22.77847,22.20439,21.34877,21.24069,177.15450328155,51.5933182445687,4503874916352000
23.12221,23.20761,21.70811,21.165,20.98896,177.270440242748,51.5150717566505,2310346883987406864
23.1722,25.19049,22.59922,21.60318,20.75624,177.155704932851,51.516940765263,4503874773712896
23.95439,23.82104,22.26202,21.66937,21.26217,177.269793370133,51.6126668620927,4503874773712896
22.63288,22.74495,22.3504,21.90827,21.9037,177.519941524507,51.5445784499092,4503874916352000
22.79405,22.38571,21.82645,21.78202,20.89333,177.518933879033,51.5759004125047,4503874773746944
25.36346,23.20153,22.36719,22.64194,21.49604,177.518590611703,51.4351131511711,4503874840821832
25.12889,23.05142,21.62971,21.23513,20.3847,177.518715664064,51.5229120419115,4503874907964672
22.4582,22.3235,21.37179,21.10483,21.20571,177.048404105099,51.9983553910475,4503874782101504
23.88564,22.6184,21.99915,21.882,21.21749,177.155015646381,51.9296743145831,6755674587398160
23.6288,22.27381,21.23642,20.43147,19.78762,177.270786188614,51.9413363981928,4503874840952904
23.9251,22.78367,21.90131,21.7521,21.46521,177.271718865173,51.8473058524319,4503874782134528
23.08909,23.19773,21.70547,21.45538,21.33102,177.271668705821,52.0252646606229,4503874773712896
23.15777,21.68385,20.40446,20.02133,19.90774,177.394106206587,52.0359380064059,4503874773745664
23.13743,23.09023,21.09711,20.18142,19.42515,177.394884278421,51.9763112052928,4503874782134272
19.92411,18.48466,17.79486,17.4157,17.17258,177.048692791133,52.3902908698012,4503874840854600
24.32931,22.68744,22.11189,21.44126,22.35952,177.046431661502,52.2428368836515,4503874782134272
22.70483,21.21986,20.76537,20.36925,20.52946,177.046531290946,52.2854295408962,4503874773745664
23.98386,22.33663,21.49763,21.28459,20.78392,177.04627482589,52.2924243319516,4503874773745664
23.53647,23.07732,21.94528,22.11741,21.23184,177.048384607938,52.2378662951319,4503874782134272
22.31714,22.49101,21.51998,21.35016,20.73725,177.270068918625,52.3995951240303,4503874773712896
21.77718,20.48869,19.82478,19.43063,19.2298,177.27192242738,52.3940769598077,6755674587430928
25.81465,23.25872,22.40076,21.72231,21.09175,177.270105293954,52.4179177290241,4503874773712912
22.71177,21.68893,20.91623,20.87144,21.25054,177.270382009385,52.453599752134,4503874782134272
22.91971,22.08342,20.40331,19.65088,19.12098,177.393713121205,52.3612136606984,4503874773712896
21.66395,20.33094,19.70207,19.50617,19.53998,177.391804566097,52.4215060694854,6755674587430928
23.26665,23.84562,22.83497,22.2038,21.45472,177.27236789105,52.4410785790497,4503599904194816
23.48895,23.91491,21.69919,20.7932,20.53671,177.04646149041,52.7026059134845,2310346883995930896
23.17384,22.10003,21.13612,20.78032,20.39803,177.04600498527,52.8339972306273,4503874782134272
21.51564,21.0175,19.90195,19.54021,19.37093,177.046302948237,52.8366919811051,2312598683801124880
22.27392,21.57923,20.77235,20.68736,20.52258,177.154058723966,52.8701002473569,4503874773712896
24.14842,23.36159,22.25508,21.22363,20.96503,177.048601190709,52.732223605877,4503874782134272
23.04255,23.26956,22.49551,22.01831,22.554,177.156497706633,52.7321385455543,4503874773712896
24.09716,23.21175,22.46256,22.33533,22.13085,177.392246521037,52.7515571493933,4503600030056448
25.08741,22.77464,21.543,20.93788,20.46327,177.392080875228,52.7470962233024,4503874773746944
21.39717,20.46915,20.12305,19.86111,19.70635,177.519286015781,52.7576627373195,4503874773745664
20.89229,20.0474,19.43406,19.24322,18.97483,177.156322823698,51.3794946432859,6755674587562000
24.36793,23.0662,21.26156,20.18958,19.73226,177.156135287782,51.3811568448297,4503874807398416
24.73565,22.78426,22.02804,21.59277,22.52199,177.046018841641,51.2847967043486,4503874773712896
22.77757,22.44083,21.85919,21.60412,21.44037,177.045999637506,51.365180717669,6755674587398160
22.6625,22.56108,21.81292,21.74321,20.91529,177.045486035664,51.381941752181,4503874782134272
24.45466,22.38125,20.72692,20.10856,19.56819,177.156201183218,51.2215903463171,4503874773712896
23.49221,22.0118,20.24375,19.48571,18.84816,177.156190001024,51.2530579413487,4503874773745664
25.17645,27.51395,22.24131,21.01696,22.85818,177.045995974449,51.2942376303187,13511074238169417
23.20017,23.16125,21.93271,21.67538,21.40781,177.1564777646,51.2552322132325,4503874773712896
23.20302,23.28669,22.27526,21.96869,21.36853,177.154692900848,51.3065612373147,4503874773712896
23.40682,22.23647,20.72794,20.08732,19.71529,177.270962096932,51.2068219176026,2310346883995828240
24.70745,22.06975,20.71791,20.14854,19.69404,177.269912756994,51.2846155108656,6755674587430928
21.6337,22.26581,21.86051,21.37908,22.34286,177.270507657517,51.3352957406436,4503874773712896
22.7707,22.30127,21.38886,21.06697,21.84959,177.272355860222,51.3050693739683,4503874773712896
22.7062,21.73669,20.48409,19.94015,19.32191,177.271203592217,51.314456392854,4503874773745664
23.55044,24.50378,21.75997,21.16647,22.40623,177.2703805566,51.2356450592515,4503874916352256
25.60894,23.90351,22.07685,21.29131,21.55532,177.394273889105,51.3826497438696,4503874773712896
24.362,21.78102,20.17966,19.58508,19.07975,177.046027523452,51.647653332853,4503874773712896
23.11088,22.97895,21.62479,21.09745,20.82378,177.047663395296,51.6966817890163,4503874773712896
24.95596,22.71004,21.76353,21.33167,21.06826,177.047507209046,51.8098523461947,4503874773712896
20.52947,19.5175,19.02819,18.7531,18.40293,177.270892961293,51.6955162167587,6755674587430928
23.04484,20.85014,19.93953,19.6425,19.20927,177.155931739846,51.6622969737715,4503874773745664
22.90241,22.72325,20.52798,19.95694,19.06237,177.156847603883,51.7839253006542,4503874782134288
20.03433,18.2235,17.16992,16.74716,16.36391,177.392205493256,51.6768662197419,4503874790523392
22.72987,23.23277,22.1003,22.23594,22.15782,177.518953767513,51.7669750966563,4503874773712896
22.61713,22.54602,21.14948,20.1129,19.69803,177.392746232721,51.7376444187558,4503874782134528
25.05902,23.53997,22.14932,21.71465,20.99481,177.519739289082,51.7691138422864,4503874907930624
25.23149,23.31817,21.56931,21.18597,21.01366,177.519168206145,51.7812430565539,4503874908098560
23.12432,21.87176,20.90359,20.35721,20.01751,177.046341305841,52.0743157808143,4503874773712896
22.1067,21.52797,20.48829,19.9241,19.37531,177.047612034344,52.0791680114055,4503874773712896
20.7366,19.27114,18.43945,18.01193,17.71804,177.048380711457,52.1583735967605,4503874840854600
20.0771,18.99049,18.27766,17.86868,17.61335,177.155035202877,52.6121143198371,4503874773745664
22.08579,21.11647,20.81179,20.65907,20.16682,177.048517676636,52.6327877488296,4503874773712896
24.34205,22.47799,21.13217,20.51562,20.16269,177.156235131495,52.5832663140117,4503874773712896
22.82303,23.24542,22.43561,22.58553,21.62331,177.154544093633,52.6061160059988,4503874907964672
23.03821,22.21753,21.47403,22.94996,22.95728,177.272221003059,52.6237369266873,2310346884121625880
25.25144,22.92902,22.06617,21.32086,21.60499,177.269736176615,52.5646176552255,4503874782102016
21.74459,19.96951,18.38409,17.86401,17.54905,177.518945395016,52.5821295332321,4503874773876752
25.43286,23.59743,21.76056,21.16504,20.44032,177.047351719841,52.8845908375397,4503874773712896
22.64759,22.28958,21.1692,20.56052,20.00064,177.19140205329,51.1169399565775,4503874782134272
22.42397,21.99401,20.95206,20.5999,20.24619,177.193490092438,51.1558672968746,4503874773745664
21.26124,19.27603,18.20888,17.80524,17.39338,177.30311387967,51.074918282391,6755674620985360
22.00473,20.30873,19.38059,19.00084,18.58104,177.300347147097,51.0871280525581,6755674587562008
24.59042,22.61669,21.65491,21.3715,21.69209,177.302180843664,51.0535656394795,4503874782101520
21.27169,20.56605,20.23132,19.98186,19.86359,177.302746383725,51.0520016237715,2312598683801092112
21.77619,21.37769,20.39589,20.07469,19.65336,177.425852680962,51.1815961697777,4503874840821832
23.57996,21.63142,20.10338,19.5519,19.16554,177.424002847218,51.0653344665127,4503874773712896
22.41975,21.82419,21.04093,20.70643,20.51945,177.424507298123,51.1450633997754,4503874782134272
24.08231,22.0827,21.57503,21.51691,22.13226,177.424741653357,51.1949612695671,4503874773712896
22.63442,23.01711,22.08978,21.84616,21.05992,177.300746615317,51.0951823454664,4503874773712896
23.75187,23.63697,22.23733,21.97915,22.93979,177.423335752776,51.0583340734395,4503874773713408
21.79562,21.2114,20.91639,20.73608,20.27092,177.063504618933,51.4936633188818,4503874782134272
22.46174,22.524,22.15395,21.5492,21.22052,177.064799974425,51.5449558493478,4503874773712896
24.63467,25.11438,21.60153,21.09021,22.8269,177.301886702299,51.4638507776021,4503874807300120
21.60068,19.57162,18.46449,17.99776,17.63158,177.193978176344,51.555109236983,4503874782134272
21.16966,20.4369,20.07524,19.89226,19.78833,177.302589499064,51.5965487688127,6755674587431440
25.00807,22.75639,22.27757,21.73312,21.77311,177.192407308872,51.5940876379333,4503874773712896
22.99974,21.9275,21.08832,20.69783,20.54755,177.300381158103,51.4147920611026,6755674587430928
24.33083,22.54624,21.36926,21.24955,22.32108,177.301126293948,51.451313677056,2310346883987439632
23.96175,21.92463,20.96861,20.57022,20.14573,177.300788141616,51.5736589184032,4503874840854600
22.46476,20.45143,19.45128,19.03753,18.71308,177.30152688196,51.584023319142,6755674587430928
21.48164,20.41141,19.68948,19.45427,19.05844,177.301457503535,51.6196148388691,6755674587398160
24.0835,23.60153,22.69909,21.83324,21.27255,177.194107064849,51.4082579504043,4503600038445056
24.59414,23.82711,22.59535,23.05318,23.09667,177.303025397364,51.5394265535779,4503874807267344
23.94387,24.57504,22.30072,21.40611,20.62451,177.301855918909,51.5209421435863,4503874907963392
23.15765,20.4449,19.51241,19.12795,18.77803,177.426082349534,51.6160721343951,4503874773745664
23.61366,22.79181,22.27119,21.71891,22.5472,177.064587060631,51.9272096187038,4503874782101504
22.88182,21.39394,19.69598,18.84908,18.27792,177.191666010731,51.965311818921,6755674595819792
22.92777,22.34672,21.54429,21.37113,21.30091,177.192038882477,52.0158898531734,2310346883987406864
23.65831,21.99259,21.23488,21.2664,20.77513,177.193099272648,52.0272563947186,4503874773745664
23.44614,22.01093,21.38272,21.14469,20.79096,177.193100098023,52.0331551830537,4503874782134272
22.3461,22.55718,21.9179,21.39281,22.48845,177.303359331638,52.022630146836,4503874773712896
23.42286,22.69056,21.53868,21.61268,20.5393,177.192710783716,52.0046818275593,4503874782134528
24.73623,23.09336,21.75407,20.953,20.595,177.425793703342,51.8590225166894,4503874773712896
21.98355,20.81717,20.07988,19.61604,19.60213,177.425555580318,51.999234261013,4503874773745664
23.70573,23.83684,22.3049,21.06743,20.39819,177.423627074339,51.840443272871,4503874773712896
23.66985,22.76677,22.09538,21.26001,20.66172,177.063574098936,52.2761278469389,6755674587398160
22.43643,20.57126,19.25201,18.71718,18.37405,177.065509003961,52.3038505907089,6755674587430928
22.92006,21.31234,19.87904,19.31236,19.04518,177.191683901693,52.4477631746071,6755674587430928
22.56506,23.15934,22.2274,21.8893,20.65661,177.193487983902,52.3991123253769,4503874773712896
24.09192,23.4433,20.63177,19.93284,20.20461,177.425397778226,52.4670051917384,4503874807300112
22.60302,22.12136,21.29547,20.97843,20.89022,177.302253260102,52.2799485950898,4503874773745664
22.98716,22.82664,21.65462,21.16699,20.43582,177.30127565626,52.3272279949791,4503874773712896
22.78897,23.3386,22.09808,22.54541,22.50464,177.302613845603,52.4481951479622,4503874773712896
23.32693,21.86823,20.40565,19.89071,19.63857,177.064735805073,52.8644258615022,4503874773745664
23.72773,24.31218,22.115,21.27398,20.89738,177.064276527511,52.8681652113836,4503874773712896
23.14142,24.56974,21.79262,21.88255,21.44041,177.064851283659,52.8664203087113,4503874916352000
21.60143,20.00879,18.91782,18.38696,18.04988,177.301682843444,52.6977267801298,6755674587430936
22.95868,22.12478,21.11321,20.63431,24.14368,177.301496545331,52.7015930099198,2310346883995828496
25.48503,22.82144,22.04933,21.39481,20.90304,177.191310436199,52.7124476890795,4503874782101504
22.22521,20.51959,19.50382,18.95545,18.63105,177.194301623886,52.7881081033796,4503874773745664
23.88116,22.9872,21.80778,21.29918,20.71038,177.302541205484,52.7836796947278,4503874907930624
23.89755,22.59055,21.91107,21.51686,21.19054,177.303186683741,52.8778005858731,4503875386114376
22.62821,22.9913,22.4599,20.77764,19.77324,177.192179490049,52.6898565816572,13511074095562825
24.07024,23.90526,21.32082,20.66822,20.12445,177.192826773154,52.7317929858467,2312598683801092112
22.31102,22.91733,21.61186,21.43713,20.80416,177.192983545011,52.7564488611405,4503874782134272
24.59176,22.36322,21.47876,20.95727,20.51147,177.191572924108,52.7757497817279,4503874782134272
25.70964,23.71684,22.40361,22.18347,21.56591,177.191360505535,52.8240214049454,4503874773712896
26.10722,24.0174,22.01365,21.07466,20.85486,177.300019780515,52.8088790284071,4503874782101760
21.38226,20.63072,19.52311,19.10901,18.88338,177.064878356692,51.1820831568222,2312598683801255960
22.49509,22.69358,21.55852,21.41307,20.6775,177.192697945022,51.250075158764,4503874773876736
23.18182,22.82524,21.59216,20.7002,20.79011,177.065231052914,51.247538441494,4503874782134528
25.10444,22.91315,21.43152,20.4971,20.73018,177.063702691245,51.2625366589775,4503874782134272
22.58208,20.28547,18.64439,18.02868,17.65551,177.301474541555,51.3140641194691,6755674587430928
23.96034,22.5348,20.88093,20.26101,19.87669,177.302019111896,51.3115729882417,2310346883987406864
24.20881,23.51649,22.41391,22.49418,22.66616,177.301697303173,51.3011493961989,4503599904194816
22.8968,22.99586,22.3365,21.40755,21.42827,177.302218727666,51.3673999334974,4503874907963392
23.14056,22.30916,20.60033,20.05493,19.61268,177.064157957317,51.658630266068,4503874773745664
22.36111,21.62062,20.91803,20.72022,20.30691,177.063265066742,51.7527306078911,4503874773712896
24.48589,22.43845,21.33394,21.14179,20.79408,177.065088939405,51.7499511448273,4503874773745664
21.13508,18.94836,17.85705,17.44696,17.07927,177.192482909533,51.6288369288915,6755674587562000
21.51469,19.37349,17.96375,17.4348,17.04521,177.193469954693,51.7545486603874,6755674587430928
23.2541,23.11734,21.46269,20.79043,20.16873,177.300857252102,51.666808725274,4503874773712896
22.86809,22.50703,22.05507,21.30136,20.68721,177.301583163479,51.7164287514177,4503874773712896
23.81177,23.22677,22.23564,22.40625,22.2391,177.3027648427,51.7028877744833,49539871047417856
25.15879,23.82355,22.3009,24.51927,23.10734,177.30196350863,51.7076549312121,4503874782134272
20.59969,18.79041,17.82086,17.38846,17.06819,177.529032825644,51.7604013621632,6755674587562000
21.78209,20.702,19.78896,19.38486,19.13482,177.423625009815,51.6278577867726,4503874773745664
23.45439,22.54023,21.35481,21.21685,20.53081,177.424822820762,51.7633450988136,4503874773746944
23.54021,22.56736,21.81042,21.48878,21.59671,177.424959373884,51.7991265695687,4503874773712896
24.56606,22.47018,20.74947,19.90149,19.376,177.424981501607,51.8120905509827,4503874773712896
23.3785,22.45341,21.09021,20.48765,20.0103,177.191269036124,52.0593287937413,4503874773712920
24.09892,22.07314,21.11495,20.74771,21.1273,177.19209007755,52.0607534682517,2312598683809644560
24.53166,22.71285,22.42566,21.91117,22.21929,177.422652599909,52.2269410011723,2310346883995828248
21.53078,20.7333,20.26601,19.96049,19.80482,177.424480854605,52.0912465736574,4503874773745664
22.94901,22.44459,20.81381,20.0433,19.79716,177.423177354115,52.1558667463423,4503874840821832
23.41799,22.10012,21.49555,21.27123,21.34593,177.193990645947,52.46080405069,4503874773712896
23.82178,22.37862,21.41027,21.05559,21.44829,177.191130498722,52.5101309449033,4503874773712896
25.22495,24.87584,22.70968,23.6342,23.03139,177.301326571559,52.467828399471,4503874807267344
23.44793,22.68488,22.20715,22.0602,20.87264,177.302331412146,52.5638846864642,4503874782101760
22.18872,22.71595,21.9097,21.2123,23.11897,177.425512095541,52.5811076101741,4503874773712896
23.7188,22.18704,21.25772,20.9165,20.6749,177.425799737874,52.5907586345886,4503874773712896
23.82634,23.30835,21.85231,21.60857,21.01914,177.424569144086,52.5752539470019,4503874773712896
22.62021,22.70284,21.89094,21.50784,20.9333,177.301753528241,52.9055531188953,4503874916352000
23.61498,24.05662,22.33963,21.60575,20.83289,177.302844473249,52.9620438483816,4503874916319488
23.42243,22.34037,21.42108,21.28745,22.71189,177.697898236432,51.1223967893417,2312598683801223184
25.13162,21.85178,20.89207,20.45416,20.17287,177.167802074066,51.1150158343193,2310346883987406864
22.16294,21.09491,20.0405,19.71632,19.36052,177.041594462995,51.1486752487088,4503874773745664
22.29801,21.1064,20.40194,20.27592,20.28975,177.041506797724,51.1653869052618,4503874782134272
24.58208,22.67805,21.55595,20.94574,21.03526,177.040208527757,51.0418740337797,6755674595786768
23.35665,23.10176,22.0225,21.40938,21.25724,177.168895905334,51.0610655023858,6755674587398168
25.01136,23.70647,21.9903,21.53291,20.83161,177.264138784663,51.0141096711851,4503874773712896
24.40495,22.76791,21.11459,20.02126,19.33739,177.264816671023,51.0361055098667,6755674595819800
23.98192,23.41658,22.16367,22.01969,22.08927,177.37551991198,51.192020989945,4503874773745664
24.50069,24.35827,21.95411,21.36166,21.37347,177.50696834683,51.1508299610286,6755674620985360
20.89793,18.95701,17.89643,17.46012,17.10407,177.039005639496,51.4209184969791,4503874773745664
26.03795,22.95085,22.38033,22.28578,22.57475,177.168873378293,51.4266322633058,4503874815655960
25.47116,22.32804,21.83542,21.65402,21.90868,177.375337133162,51.46413009508,4503874773745664
23.23849,21.62054,20.4264,20.01601,19.74965,177.377379768855,51.496450850128,4503874773745664
22.60556,22.27855,21.44298,21.31515,20.96499,177.377401428198,51.5570452910636,4503874840821832
24.03306,22.82518,21.30323,20.6694,20.07364,177.376998434613,51.6216948088377,4503875377692744
25.26814,23.44876,22.51506,21.8928,20.82442,177.505663076024,51.469689849424,4503874773712896
24.43162,22.96206,21.36515,20.61508,20.06581,177.167248915237,51.9713162900231,2310346883995828240
23.82251,23.077,22.6301,22.6501,22.0985,177.265284516877,51.9663901893936,49539871181635584
22.82269,23.48049,21.80427,21.87478,21.21039,177.265418177925,51.9500545075004,4503874773712896
24.41054,23.20886,22.41625,21.78667,21.5725,177.504606864903,51.9698432309241,4503874807267344
22.05148,21.97774,21.02845,20.61765,20.23542,177.375578708583,52.0448568585475,4503874773712896
23.99701,22.48986,22.00328,22.41852,21.88078,177.375458691656,51.8643729108593,4503874773746944
23.95435,24.31771,22.44394,21.94186,21.78814,177.37793253907,51.9768501245285,2310346884121624592
24.21916,23.07558,21.57784,20.43239,19.90582,177.506262446411,51.9750764135674,6755674587398160
23.43471,22.75243,21.36383,20.6162,20.61101,177.040105823828,52.2357422549881,4503874773712896
24.42466,24.32156,22.60332,21.5891,21.92543,177.040706094679,52.2649496043333,2310346883987537936
22.11879,21.57659,21.18917,21.27105,21.34634,177.039395220158,52.3818733575198,4503874782134528
24.30337,24.85162,22.66838,22.12212,22.20129,177.169696906373,52.3903174676337,4503874807267344
23.78599,24.34125,22.53033,21.81213,22.2695,177.038646049534,52.3528107534502,4503874907963392
23.65282,20.95711,20.56619,20.06696,19.78363,177.265128189038,52.3139149534443,6755674595820048
25.67796,22.12254,20.12826,19.26641,18.6692,177.375793400084,52.4597069639001,6755674587430928
25.52835,23.48793,21.64408,21.19116,20.65465,177.264141706584,52.2966637635649,4503874773712896
24.13692,23.83538,21.66853,20.71616,20.38845,177.265209246413,52.3971564067466,4503874773712896
23.97367,24.94505,22.34735,22.02454,23.21773,177.374932759139,52.3169984232115,4503874773712896
24.91912,23.99647,22.37415,22.82225,22.17922,177.50699611319,52.2859619717219,49539871181668352
23.96091,23.10256,21.98629,21.66119,24.2762,177.504676593316,52.3012091454264,4503874773712896
24.21985,22.85788,21.9513,21.54433,22.10496,177.505455488227,52.2986503484354,4503874773712896
22.79561,22.97066,22.72489,22.32624,21.93119,177.040340098008,52.847609541589,4573968673538065
25.92997,22.68153,24.05196,23.2415,24.1093,177.039794351014,52.8145273955414,13511074238169417
23.60632,21.92447,20.59198,20.24167,19.81413,177.263276599389,52.8718631304398,4503874849243720
21.86237,22.46844,21.87476,21.02566,20.31763,177.50629523576,52.7259060638288,51791670861137168
24.15221,21.75534,20.68583,20.25529,19.83055,177.039876167702,51.3234234864786,4503874773712896
23.47716,24.14986,22.39092,21.69343,21.61172,177.040694665979,51.2909542440302,2357634680083185936
25.42052,23.3072,22.24457,21.3547,21.46258,177.0393818422,51.3204486181458,4503874916319232
23.55298,23.71612,22.00345,21.45141,20.51741,177.169009980702,51.2437342983417,4503874916319232
19.95485,18.31477,17.3259,16.87049,16.51403,177.263645044989,51.2059402413336,6755674587430928
21.15581,20.60442,20.34197,20.10526,19.75867,177.376084040523,51.3670794526337,4503874840855880
22.2793,21.52222,20.80194,20.5447,19.85725,177.376747016837,51.3547682976567,4503874840821832
22.6538,20.96302,19.96935,19.7068,19.36637,177.26542360516,51.3676969962731,4503874773745664
24.58244,22.94849,21.99365,22.53716,20.77899,177.264631446063,51.3023170771659,4503874782134528
26.04018,22.97667,21.8642,21.09176,20.71901,177.37649331918,51.3904276311531,4503874916319232
23.08441,23.58357,22.07702,22.61878,21.22168,177.506561252156,51.4175951815145,49539871055806464
21.61203,20.88719,20.16361,19.83328,19.54919,177.167549768406,51.7357203055113,6755674595820048
22.2702,21.85866,21.86389,21.55151,21.86618,177.265528019427,51.7821474248486,49557463242014720
24.80225,22.66326,21.30151,21.0384,20.91435,177.264018023574,51.8208856047535,4503874782134272
21.01009,20.06526,19.27953,18.90122,18.61258,177.506920254809,51.67899874814,4503874773876736
23.07074,22.88629,21.95143,22.16972,21.05829,177.506583251329,51.7617820151261,4503874773746944
21.93204,21.46256,20.55258,20.33334,20.01213,177.504988795328,51.8247260603498,4503874773745664
24.18606,23.15522,22.49558,22.08916,21.83166,177.040343345435,52.0260958312832,2310346883987406864
24.6636,23.20621,22.65295,22.79668,21.96244,177.168458174876,52.0804754366773,4503599895805952
21.7326,20.89387,20.69147,20.47353,20.27585,177.263582837201,52.0903232460556,4503874773745664
25.17459,22.76906,22.28339,22.28571,22.56551,177.265888212322,52.1792295237744,4503874773712896
22.71089,22.62621,22.03419,21.67013,21.65673,177.507016920032,52.1561239947053,4503874773712896
24.10526,23.14794,21.79113,20.88769,20.26576,177.169080110221,52.6605590550824,4503874807300112
20.68127,19.48694,18.75874,18.37849,18.1431,177.041771155144,52.6330294235956,4503874773745664
24.53024,22.8749,22.12254,22.20914,21.83877,177.039995017306,52.556592530434,4503874907963904
23.03718,23.13144,21.63818,21.3371,20.92497,177.041687724845,52.6150462062458,4503874773712896
23.0281,25.08383,22.74178,22.20387,22.45587,177.040150627895,52.6065106011574,4503874782101760
20.43976,19.80172,19.0357,18.75851,18.50545,177.26423324635,52.5004519669473,6755674587430936
22.94751,22.62922,21.35174,20.65876,20.25606,177.264387047754,52.4865167785135,4503874840854600
22.12679,21.9941,21.28164,20.91568,20.43697,177.263816706485,52.5957041599521,4503874773745664
24.69862,22.72792,21.2832,20.76923,20.46862,177.265320748968,52.6128153276037,4503874773712896
22.39556,22.8013,21.81068,21.94545,21.75798,177.504699247908,52.4818215457589,4503874773712896
22.84899,23.20619,22.65466,22.87649,23.55666,177.041647602321,52.8883020130581,4503874773712896
20.45247,18.73218,17.87731,17.38606,17.03511,177.169184287581,52.9575393962048,6755674587430936
23.94453,22.50144,20.94555,20.38699,19.90966,177.377138751239,52.9167182566235,4503874840854600
24.3394,22.52675,22.21445,21.75494,22.33357,177.168653108647,52.9824949554685,49539871055806720
23.42575,23.90612,22.34136,22.29722,21.93487,177.376903087671,52.9495655406429,4503874782101504
20.81181,20.83755,19.47883,19.05584,18.54051,177.563806480487,51.05216570397,4503874840854600
23.09924,22.24452,22.12932,21.70181,21.1994,177.56494548182,51.1699636093785,4503874773745664
23.85175,21.65114,20.93321,20.52968,20.46042,177.64801351277,51.0287544568745,4503874782134272
23.66511,22.00278,20.87593,20.34751,20.18095,177.64770222259,51.1023821951354,4503874773745664
23.28074,21.96858,21.53508,21.26744,20.83718,177.646051920331,51.1917949829788,4503874773745664
22.01086,22.41357,21.22422,20.87874,20.96237,177.543304705574,51.1920495238929,4503874773712896
24.10373,23.62225,22.21605,22.71894,21.85326,177.562985415583,51.117070714476,4503874773712896
22.63332,22.5385,21.78813,21.25523,20.54333,177.564754229159,51.1357615093398,4503874773712896
23.19631,23.48302,22.14931,21.78204,21.35968,177.647780051531,51.0114620789368,4503874773712896
22.90549,23.65228,22.46831,21.64637,21.36381,177.645833165632,51.1585991434549,4503874916335872
21.1302,20.71081,19.67754,19.31445,18.87424,177.755537538762,51.1593911345502,6755674587430928
21.99844,21.55463,21.00553,20.80602,20.74852,177.754426540572,51.1317448053751,6755674587398168
22.64002,22.00331,20.88646,20.65852,20.43257,177.754241414977,51.0314052523095,4503874773745664
23.07913,22.27755,21.84094,21.48623,21.41463,177.75474616763,51.1414554622211,4503874773712896
23.12157,22.35643,21.3231,21.1625,20.95763,177.846841382458,51.0878256440634,6755674587398160
22.75879,22.64529,21.23256,20.72493,20.39272,177.845180438646,51.0727335777489,4503874773746944
24.19442,23.37577,22.05039,21.39893,20.47397,177.845549752414,51.1042178372718,6755674587398160
24.85426,22.85251,22.30119,22.13611,23.26553,178.064238497999,51.211197748796,4503874840855880
21.79335,21.0126,20.23952,19.95638,19.48513,178.144673184649,51.1564254450513,4503874773745664
24.31619,21.14598,19.6111,18.9998,18.761,177.174837866828,51.1232013685107,6755674587430928
23.8636,21.01085,19.57401,19.03467,18.70986,177.08188348783,51.1583756900495,4503874773745664
21.96821,21.20134,20.3243,20.01095,19.71899,177.176194105143,51.0580742183028,4503874773745664
23.45033,22.42733,21.6269,21.35161,21.60312,177.176839541038,51.1748185165667,2310346883987537936
25.79178,24.69896,22.04618,21.73068,21.28716,177.080305382841,51.1245988722666,4503874907963392
24.50396,25.07344,22.20911,24.40114,23.14535,177.383955519909,51.0182042596243,4503599929360400
25.03109,24.06427,22.21328,22.67288,21.25302,177.384437365962,51.1101787097287,4503874807300112
23.20083,22.41288,22.25263,21.58208,21.11438,177.281213379749,51.1772618030153,4503874782101760
22.53326,21.72523,20.89191,20.58572,20.31972,177.382758681421,51.0444021346036,4503874782134272
22.69761,21.36611,20.35356,19.88239,19.5856,177.384105417402,51.0629773378605,4503874773712896
25.02974,23.59084,22.25431,22.03939,21.94459,177.383784812808,51.1295159283057,4503874807300120
21.04903,20.01729,19.13256,18.68373,18.39778,177.081203405061,51.416379958874,6755674587562000
23.52966,22.98466,22.14127,21.64399,21.18682,177.081148332466,51.3955865150751,4503874773712896
24.85365,22.6739,22.03382,21.90455,21.28673,177.082080611999,51.4058262779874,4503874773712896
25.01998,22.74245,22.61901,22.5596,21.51528,177.08078214966,51.4431868431664,4503874907930624